/*--------------------------------*- C++ -*----------------------------------*\
| =========                 |                                                 |
| \\      /  F ield         | OpenFOAM: The Open Source CFD Toolbox           |
|  \\    /   O peration     | Version:  4.1                                   |
|   \\  /    A nd           | Web:      www.OpenFOAM.org                      |
|    \\/     M anipulation  |                                                 |
\*---------------------------------------------------------------------------*/
FoamFile
{
    version     2.0;
    format      ascii;
    class       labelList;
    note        "nPoints:3520  nCells:1620  nFaces:6624  nInternalFaces:3096";
    location    "constant/polyMesh";
    object      neighbour;
}
// * * * * * * * * * * * * * * * * * * * * * * * * * * * * * * * * * * * * * //


3096
(
1
9
89
2
10
3
11
4
12
5
13
6
14
7
15
8
16
17
323
10
18
88
11
19
12
20
13
21
14
22
15
23
16
24
17
25
26
322
19
27
87
20
28
21
29
22
30
23
31
24
32
25
33
26
34
35
321
28
36
86
29
37
30
38
31
39
32
40
33
41
34
42
35
43
44
320
37
45
85
38
46
39
47
40
48
41
49
42
50
43
51
44
52
53
319
46
54
84
47
55
48
56
49
57
50
58
51
59
52
60
53
61
62
318
55
63
83
56
64
57
65
58
66
59
67
60
68
61
69
62
70
71
317
64
72
82
65
73
66
74
67
75
68
76
69
77
70
78
71
79
80
316
73
81
74
75
76
77
78
79
80
315
82
90
83
91
84
92
85
93
86
94
87
95
88
96
89
97
98
91
99
92
100
93
101
94
102
95
103
96
104
97
105
98
106
107
100
108
101
109
102
110
103
111
104
112
105
113
106
114
107
115
116
109
117
110
118
111
119
112
120
113
121
114
122
115
123
116
124
125
118
126
119
127
120
128
121
129
122
130
123
131
124
132
125
133
134
127
135
128
136
129
137
130
138
131
139
132
140
133
141
134
142
143
136
144
137
145
138
146
139
147
140
148
141
149
142
150
143
151
152
145
153
146
154
147
155
148
156
149
157
150
158
151
159
152
160
161
154
234
155
225
156
216
157
207
158
198
159
189
160
180
161
171
162
163
171
164
172
165
173
166
174
167
175
168
176
169
177
170
178
179
251
172
180
173
181
174
182
175
183
176
184
177
185
178
186
179
187
188
250
181
189
182
190
183
191
184
192
185
193
186
194
187
195
188
196
197
249
190
198
191
199
192
200
193
201
194
202
195
203
196
204
197
205
206
248
199
207
200
208
201
209
202
210
203
211
204
212
205
213
206
214
215
247
208
216
209
217
210
218
211
219
212
220
213
221
214
222
215
223
224
246
217
225
218
226
219
227
220
228
221
229
222
230
223
231
224
232
233
245
226
234
227
235
228
236
229
237
230
238
231
239
232
240
233
241
242
244
235
891
236
892
237
893
238
894
239
895
240
896
241
897
242
898
243
899
244
252
245
253
246
254
247
255
248
256
249
257
250
258
251
259
260
253
261
254
262
255
263
256
264
257
265
258
266
259
267
260
268
269
262
270
263
271
264
272
265
273
266
274
267
275
268
276
269
277
278
271
279
272
280
273
281
274
282
275
283
276
284
277
285
278
286
287
280
288
281
289
282
290
283
291
284
292
285
293
286
294
287
295
296
289
297
290
298
291
299
292
300
293
301
294
302
295
303
296
304
305
298
306
299
307
300
308
301
309
302
310
303
311
304
312
305
313
314
307
315
308
316
309
317
310
318
311
319
312
320
313
321
314
322
323
316
317
318
319
320
321
322
323
325
333
494
326
334
327
335
328
336
329
337
330
338
331
339
332
340
341
413
334
342
503
335
343
336
344
337
345
338
346
339
347
340
348
341
349
350
412
343
351
512
344
352
345
353
346
354
347
355
348
356
349
357
350
358
359
411
352
360
521
353
361
354
362
355
363
356
364
357
365
358
366
359
367
368
410
361
369
530
362
370
363
371
364
372
365
373
366
374
367
375
368
376
377
409
370
378
539
371
379
372
380
373
381
374
382
375
383
376
384
377
385
386
408
379
387
548
380
388
381
389
382
390
383
391
384
392
385
393
386
394
395
407
388
396
557
389
397
390
398
391
399
392
400
393
401
394
402
395
403
404
406
397
566
648
398
657
399
666
400
675
401
684
402
693
403
702
404
711
405
720
406
414
407
415
408
416
409
417
410
418
411
419
412
420
413
421
422
415
423
416
424
417
425
418
426
419
427
420
428
421
429
422
430
431
424
432
425
433
426
434
427
435
428
436
429
437
430
438
431
439
440
433
441
434
442
435
443
436
444
437
445
438
446
439
447
440
448
449
442
450
443
451
444
452
445
453
446
454
447
455
448
456
449
457
458
451
459
452
460
453
461
454
462
455
463
456
464
457
465
458
466
467
460
468
461
469
462
470
463
471
464
472
465
473
466
474
467
475
476
469
477
470
478
471
479
472
480
473
481
474
482
475
483
476
484
485
478
639
479
630
480
621
481
612
482
603
483
594
484
585
485
576
567
487
495
575
488
496
489
497
490
498
491
499
492
500
493
501
494
502
503
496
504
584
497
505
498
506
499
507
500
508
501
509
502
510
503
511
512
505
513
593
506
514
507
515
508
516
509
517
510
518
511
519
512
520
521
514
522
602
515
523
516
524
517
525
518
526
519
527
520
528
521
529
530
523
531
611
524
532
525
533
526
534
527
535
528
536
529
537
530
538
539
532
540
620
533
541
534
542
535
543
536
544
537
545
538
546
539
547
548
541
549
629
542
550
543
551
544
552
545
553
546
554
547
555
548
556
557
550
558
638
551
559
552
560
553
561
554
562
555
563
556
564
557
565
566
559
647
560
561
562
563
564
565
566
568
576
569
577
570
578
571
579
572
580
573
581
574
582
575
583
584
577
585
578
586
579
587
580
588
581
589
582
590
583
591
584
592
593
586
594
587
595
588
596
589
597
590
598
591
599
592
600
593
601
602
595
603
596
604
597
605
598
606
599
607
600
608
601
609
602
610
611
604
612
605
613
606
614
607
615
608
616
609
617
610
618
611
619
620
613
621
614
622
615
623
616
624
617
625
618
626
619
627
620
628
629
622
630
623
631
624
632
625
633
626
634
627
635
628
636
629
637
638
631
639
632
640
633
641
634
642
635
643
636
644
637
645
638
646
647
640
641
642
643
644
645
646
647
649
657
737
650
658
736
651
659
735
652
660
734
653
661
733
654
662
732
655
663
731
656
664
730
665
729
658
666
659
667
660
668
661
669
662
670
663
671
664
672
665
673
674
667
675
668
676
669
677
670
678
671
679
672
680
673
681
674
682
683
676
684
677
685
678
686
679
687
680
688
681
689
682
690
683
691
692
685
693
686
694
687
695
688
696
689
697
690
698
691
699
692
700
701
694
702
695
703
696
704
697
705
698
706
699
707
700
708
701
709
710
703
711
704
712
705
713
706
714
707
715
708
716
709
717
710
718
719
712
720
713
721
714
722
715
723
716
724
717
725
718
726
719
727
728
721
891
722
900
723
909
724
918
725
927
726
936
727
945
728
954
963
730
738
731
739
732
740
733
741
734
742
735
743
736
744
737
745
746
1044
739
747
740
748
741
749
742
750
743
751
744
752
745
753
746
754
755
1035
748
756
749
757
750
758
751
759
752
760
753
761
754
762
755
763
764
1026
757
765
758
766
759
767
760
768
761
769
762
770
763
771
764
772
773
1017
766
774
767
775
768
776
769
777
770
778
771
779
772
780
773
781
782
1008
775
783
776
784
777
785
778
786
779
787
780
788
781
789
782
790
791
999
784
792
785
793
786
794
787
795
788
796
789
797
790
798
791
799
800
990
793
801
794
802
795
803
796
804
797
805
798
806
799
807
800
808
809
981
802
810
803
811
804
812
805
813
806
814
807
815
808
816
809
817
818
972
811
819
812
820
813
821
814
822
815
823
816
824
817
825
818
826
827
1368
820
828
821
829
822
830
823
831
824
832
825
833
826
834
827
835
836
1369
829
837
830
838
831
839
832
840
833
841
834
842
835
843
836
844
845
1370
838
846
839
847
840
848
841
849
842
850
843
851
844
852
845
853
854
1371
847
855
848
856
849
857
850
858
851
859
852
860
853
861
854
862
863
1372
856
864
857
865
858
866
859
867
860
868
861
869
862
870
863
871
872
1373
865
873
866
874
867
875
868
876
869
877
870
878
871
879
872
880
881
1374
874
882
875
883
876
884
877
885
878
886
879
887
880
888
881
889
890
1375
883
971
884
962
885
953
886
944
887
935
888
926
889
917
890
908
899
1376
892
900
893
901
894
902
895
903
896
904
897
905
898
906
899
907
908
901
909
902
910
903
911
904
912
905
913
906
914
907
915
908
916
917
910
918
911
919
912
920
913
921
914
922
915
923
916
924
917
925
926
919
927
920
928
921
929
922
930
923
931
924
932
925
933
926
934
935
928
936
929
937
930
938
931
939
932
940
933
941
934
942
935
943
944
937
945
938
946
939
947
940
948
941
949
942
950
943
951
944
952
953
946
954
947
955
948
956
949
957
950
958
951
959
952
960
953
961
962
955
963
956
964
957
965
958
966
959
967
960
968
961
969
962
970
971
964
965
966
967
968
969
970
971
973
981
1295
974
982
1294
975
983
1293
976
984
1292
977
985
1291
978
986
1290
979
987
1289
980
988
1288
989
1287
982
990
983
991
984
992
985
993
986
994
987
995
988
996
989
997
998
991
999
992
1000
993
1001
994
1002
995
1003
996
1004
997
1005
998
1006
1007
1000
1008
1001
1009
1002
1010
1003
1011
1004
1012
1005
1013
1006
1014
1007
1015
1016
1009
1017
1010
1018
1011
1019
1012
1020
1013
1021
1014
1022
1015
1023
1016
1024
1025
1018
1026
1019
1027
1020
1028
1021
1029
1022
1030
1023
1031
1024
1032
1025
1033
1034
1027
1035
1028
1036
1029
1037
1030
1038
1031
1039
1032
1040
1033
1041
1034
1042
1043
1036
1044
1037
1045
1038
1046
1039
1047
1040
1048
1041
1049
1042
1050
1043
1051
1052
1045
1053
1046
1054
1047
1055
1048
1056
1049
1057
1050
1058
1051
1059
1052
1060
1061
1054
1062
1055
1063
1056
1064
1057
1065
1058
1066
1059
1067
1060
1068
1061
1069
1070
1063
1071
1064
1072
1065
1073
1066
1074
1067
1075
1068
1076
1069
1077
1070
1078
1079
1072
1080
1073
1081
1074
1082
1075
1083
1076
1084
1077
1085
1078
1086
1079
1087
1088
1081
1089
1082
1090
1083
1091
1084
1092
1085
1093
1086
1094
1087
1095
1088
1096
1097
1090
1098
1091
1099
1092
1100
1093
1101
1094
1102
1095
1103
1096
1104
1097
1105
1106
1099
1107
1100
1108
1101
1109
1102
1110
1103
1111
1104
1112
1105
1113
1106
1114
1115
1108
1116
1109
1117
1110
1118
1111
1119
1112
1120
1113
1121
1114
1122
1115
1123
1124
1117
1125
1118
1126
1119
1127
1120
1128
1121
1129
1122
1130
1123
1131
1124
1132
1133
1126
1214
1127
1205
1128
1196
1129
1187
1130
1178
1131
1169
1132
1160
1133
1151
1142
1135
1143
1215
1136
1144
1137
1145
1138
1146
1139
1147
1140
1148
1141
1149
1142
1150
1151
1144
1152
1216
1145
1153
1146
1154
1147
1155
1148
1156
1149
1157
1150
1158
1151
1159
1160
1153
1161
1217
1154
1162
1155
1163
1156
1164
1157
1165
1158
1166
1159
1167
1160
1168
1169
1162
1170
1218
1163
1171
1164
1172
1165
1173
1166
1174
1167
1175
1168
1176
1169
1177
1178
1171
1179
1219
1172
1180
1173
1181
1174
1182
1175
1183
1176
1184
1177
1185
1178
1186
1187
1180
1188
1220
1181
1189
1182
1190
1183
1191
1184
1192
1185
1193
1186
1194
1187
1195
1196
1189
1197
1221
1190
1198
1191
1199
1192
1200
1193
1201
1194
1202
1195
1203
1196
1204
1205
1198
1206
1222
1199
1207
1200
1208
1201
1209
1202
1210
1203
1211
1204
1212
1205
1213
1214
1207
1223
1208
1209
1210
1211
1212
1213
1214
1216
1224
1217
1225
1218
1226
1219
1227
1220
1228
1221
1229
1222
1230
1223
1231
1232
1225
1233
1226
1234
1227
1235
1228
1236
1229
1237
1230
1238
1231
1239
1232
1240
1241
1234
1242
1235
1243
1236
1244
1237
1245
1238
1246
1239
1247
1240
1248
1241
1249
1250
1243
1251
1244
1252
1245
1253
1246
1254
1247
1255
1248
1256
1249
1257
1250
1258
1259
1252
1260
1253
1261
1254
1262
1255
1263
1256
1264
1257
1265
1258
1266
1259
1267
1268
1261
1269
1262
1270
1263
1271
1264
1272
1265
1273
1266
1274
1267
1275
1268
1276
1277
1270
1278
1271
1279
1272
1280
1273
1281
1274
1282
1275
1283
1276
1284
1277
1285
1286
1279
1287
1280
1288
1281
1289
1282
1290
1283
1291
1284
1292
1285
1293
1286
1294
1295
1288
1289
1290
1291
1292
1293
1294
1295
1297
1305
1547
1298
1306
1299
1307
1300
1308
1301
1309
1302
1310
1303
1311
1304
1312
1313
1449
1306
1314
1546
1307
1315
1308
1316
1309
1317
1310
1318
1311
1319
1312
1320
1313
1321
1322
1440
1315
1323
1545
1316
1324
1317
1325
1318
1326
1319
1327
1320
1328
1321
1329
1322
1330
1331
1431
1324
1332
1544
1325
1333
1326
1334
1327
1335
1328
1336
1329
1337
1330
1338
1331
1339
1340
1422
1333
1341
1543
1334
1342
1335
1343
1336
1344
1337
1345
1338
1346
1339
1347
1340
1348
1349
1413
1342
1350
1542
1343
1351
1344
1352
1345
1353
1346
1354
1347
1355
1348
1356
1349
1357
1358
1404
1351
1359
1541
1352
1360
1353
1361
1354
1362
1355
1363
1356
1364
1357
1365
1358
1366
1367
1395
1360
1368
1540
1361
1369
1362
1370
1363
1371
1364
1372
1365
1373
1366
1374
1367
1375
1376
1386
1369
1539
1370
1371
1372
1373
1374
1375
1376
1377
1378
1386
1379
1387
1380
1388
1381
1389
1382
1390
1383
1391
1384
1392
1385
1393
1394
1530
1387
1395
1388
1396
1389
1397
1390
1398
1391
1399
1392
1400
1393
1401
1394
1402
1403
1531
1396
1404
1397
1405
1398
1406
1399
1407
1400
1408
1401
1409
1402
1410
1403
1411
1412
1532
1405
1413
1406
1414
1407
1415
1408
1416
1409
1417
1410
1418
1411
1419
1412
1420
1421
1533
1414
1422
1415
1423
1416
1424
1417
1425
1418
1426
1419
1427
1420
1428
1421
1429
1430
1534
1423
1431
1424
1432
1425
1433
1426
1434
1427
1435
1428
1436
1429
1437
1430
1438
1439
1535
1432
1440
1433
1441
1434
1442
1435
1443
1436
1444
1437
1445
1438
1446
1439
1447
1448
1536
1441
1449
1442
1450
1443
1451
1444
1452
1445
1453
1446
1454
1447
1455
1448
1456
1457
1537
1450
1451
1452
1453
1454
1455
1456
1457
1538
1459
1467
1611
1460
1468
1612
1461
1469
1613
1462
1470
1614
1463
1471
1615
1464
1472
1616
1465
1473
1617
1466
1474
1618
1475
1619
1468
1476
1469
1477
1470
1478
1471
1479
1472
1480
1473
1481
1474
1482
1475
1483
1484
1477
1485
1478
1486
1479
1487
1480
1488
1481
1489
1482
1490
1483
1491
1484
1492
1493
1486
1494
1487
1495
1488
1496
1489
1497
1490
1498
1491
1499
1492
1500
1493
1501
1502
1495
1503
1496
1504
1497
1505
1498
1506
1499
1507
1500
1508
1501
1509
1502
1510
1511
1504
1512
1505
1513
1506
1514
1507
1515
1508
1516
1509
1517
1510
1518
1511
1519
1520
1513
1521
1514
1522
1515
1523
1516
1524
1517
1525
1518
1526
1519
1527
1520
1528
1529
1522
1530
1523
1531
1524
1532
1525
1533
1526
1534
1527
1535
1528
1536
1529
1537
1538
1531
1532
1533
1534
1535
1536
1537
1538
1540
1548
1541
1549
1542
1550
1543
1551
1544
1552
1545
1553
1546
1554
1547
1555
1556
1549
1557
1550
1558
1551
1559
1552
1560
1553
1561
1554
1562
1555
1563
1556
1564
1565
1558
1566
1559
1567
1560
1568
1561
1569
1562
1570
1563
1571
1564
1572
1565
1573
1574
1567
1575
1568
1576
1569
1577
1570
1578
1571
1579
1572
1580
1573
1581
1574
1582
1583
1576
1584
1577
1585
1578
1586
1579
1587
1580
1588
1581
1589
1582
1590
1583
1591
1592
1585
1593
1586
1594
1587
1595
1588
1596
1589
1597
1590
1598
1591
1599
1592
1600
1601
1594
1602
1595
1603
1596
1604
1597
1605
1598
1606
1599
1607
1600
1608
1601
1609
1610
1603
1611
1604
1612
1605
1613
1606
1614
1607
1615
1608
1616
1609
1617
1610
1618
1619
1612
1613
1614
1615
1616
1617
1618
1619
)


// ************************************************************************* //
