/*--------------------------------*- C++ -*----------------------------------*\
| =========                 |                                                 |
| \\      /  F ield         | OpenFOAM: The Open Source CFD Toolbox           |
|  \\    /   O peration     | Version:  4.1                                   |
|   \\  /    A nd           | Web:      www.OpenFOAM.org                      |
|    \\/     M anipulation  |                                                 |
\*---------------------------------------------------------------------------*/
FoamFile
{
    version     2.0;
    format      ascii;
    class       vectorField;
    location    "constant/polyMesh";
    object      points;
}
// * * * * * * * * * * * * * * * * * * * * * * * * * * * * * * * * * * * * * //


3520
(
(0 0 0)
(0 10 0)
(15 10 0)
(15 25 0)
(25 25 0)
(25 10 0)
(40 10 0)
(40 0 0)
(25 0 0)
(25 -15 0)
(15 -15 0)
(15 0 0)
(17.5 2.5 0)
(17.5 7.5 0)
(22.5 7.5 0)
(22.5 2.5 0)
(5 3 0)
(10 3 0)
(10 7 0)
(5 7 0)
(30 3 0)
(35 3 0)
(35 7 0)
(30 7 0)
(18 15 0)
(18 20 0)
(22 20 0)
(22 15 0)
(18 -5 0)
(18 -10 0)
(22 -10 0)
(22 -5 0)
(5 7 20)
(0 10 20)
(0 0 20)
(5 3 20)
(15 10 20)
(10 7 20)
(15 0 20)
(10 3 20)
(22 15 20)
(25 10 20)
(18 15 20)
(15 25 20)
(18 20 20)
(22 20 20)
(25 25 20)
(17.5 7.5 20)
(22.5 7.5 20)
(22.5 2.5 20)
(25 0 20)
(17.5 2.5 20)
(30 7 20)
(30 3 20)
(40 10 20)
(35 7 20)
(35 3 20)
(40 0 20)
(22 -5 20)
(18 -5 20)
(18 -10 20)
(15 -15 20)
(25 -15 20)
(22 -10 20)
(0 1.11111 0)
(0 2.22222 0)
(0 3.33333 0)
(0 4.44444 0)
(0 5.55556 0)
(0 6.66667 0)
(0 7.77778 0)
(0 8.88889 0)
(1.66667 10 0)
(3.33333 10 0)
(5 10 0)
(6.66667 10 0)
(8.33333 10 0)
(10 10 0)
(11.6667 10 0)
(13.3333 10 0)
(15 11.6667 0)
(15 13.3333 0)
(15 15 0)
(15 16.6667 0)
(15 18.3333 0)
(15 20 0)
(15 21.6667 0)
(15 23.3333 0)
(16.1111 25 0)
(17.2222 25 0)
(18.3333 25 0)
(19.4444 25 0)
(20.5556 25 0)
(21.6667 25 0)
(22.7778 25 0)
(23.8889 25 0)
(25 23.3333 0)
(25 21.6667 0)
(25 20 0)
(25 18.3333 0)
(25 16.6667 0)
(25 15 0)
(25 13.3333 0)
(25 11.6667 0)
(26.6667 10 0)
(28.3333 10 0)
(30 10 0)
(31.6667 10 0)
(33.3333 10 0)
(35 10 0)
(36.6667 10 0)
(38.3333 10 0)
(40 8.88889 0)
(40 7.77778 0)
(40 6.66667 0)
(40 5.55556 0)
(40 4.44444 0)
(40 3.33333 0)
(40 2.22222 0)
(40 1.11111 0)
(38.3333 0 0)
(36.6667 0 0)
(35 0 0)
(33.3333 0 0)
(31.6667 0 0)
(30 0 0)
(28.3333 0 0)
(26.6667 0 0)
(25 -1.66667 0)
(25 -3.33333 0)
(25 -5 0)
(25 -6.66667 0)
(25 -8.33333 0)
(25 -10 0)
(25 -11.6667 0)
(25 -13.3333 0)
(23.8889 -15 0)
(22.7778 -15 0)
(21.6667 -15 0)
(20.5556 -15 0)
(19.4444 -15 0)
(18.3333 -15 0)
(17.2222 -15 0)
(16.1111 -15 0)
(15 -13.3333 0)
(15 -11.6667 0)
(15 -10 0)
(15 -8.33333 0)
(15 -6.66667 0)
(15 -5 0)
(15 -3.33333 0)
(15 -1.66667 0)
(13.3333 0 0)
(11.6667 0 0)
(10 0 0)
(8.33333 0 0)
(6.66667 0 0)
(5 0 0)
(3.33333 0 0)
(1.66667 0 0)
(15 8.88889 0)
(15 7.77778 0)
(15 6.66667 0)
(15 5.55556 0)
(15 4.44444 0)
(15 3.33333 0)
(15 2.22222 0)
(15 1.11111 0)
(16.1111 0 0)
(17.2222 0 0)
(18.3333 0 0)
(19.4444 0 0)
(20.5556 0 0)
(21.6667 0 0)
(22.7778 0 0)
(23.8889 0 0)
(25 1.11111 0)
(25 2.22222 0)
(25 3.33333 0)
(25 4.44444 0)
(25 5.55556 0)
(25 6.66667 0)
(25 7.77778 0)
(25 8.88889 0)
(23.8889 10 0)
(22.7778 10 0)
(21.6667 10 0)
(20.5556 10 0)
(19.4444 10 0)
(18.3333 10 0)
(17.2222 10 0)
(16.1111 10 0)
(17.9721 7.89614 0)
(18.5058 8.20428 0)
(19.0849 8.41506 0)
(19.6919 8.52208 0)
(20.3081 8.52208 0)
(20.9151 8.41506 0)
(21.4942 8.20428 0)
(22.0279 7.89614 0)
(22.8961 7.0279 0)
(23.2043 6.49418 0)
(23.4151 5.91506 0)
(23.5221 5.30814 0)
(23.5221 4.69186 0)
(23.4151 4.08494 0)
(23.2043 3.50582 0)
(22.8961 2.9721 0)
(22.0279 2.10386 0)
(21.4942 1.79572 0)
(20.9151 1.58494 0)
(20.3081 1.47792 0)
(19.6919 1.47792 0)
(19.0849 1.58494 0)
(18.5058 1.79572 0)
(17.9721 2.10386 0)
(17.1039 2.9721 0)
(16.7957 3.50582 0)
(16.5849 4.08494 0)
(16.4779 4.69186 0)
(16.4779 5.30814 0)
(16.5849 5.91506 0)
(16.7957 6.49418 0)
(17.1039 7.0279 0)
(15.2778 9.72222 0)
(15.5556 9.44444 0)
(15.8333 9.16667 0)
(16.1111 8.88889 0)
(16.3889 8.61111 0)
(16.6667 8.33333 0)
(16.9444 8.05556 0)
(17.2222 7.77778 0)
(17.2222 2.22222 0)
(16.9444 1.94444 0)
(16.6667 1.66667 0)
(16.3889 1.38889 0)
(16.1111 1.11111 0)
(15.8333 0.833333 0)
(15.5556 0.555556 0)
(15.2778 0.277778 0)
(24.7222 9.72222 0)
(24.4444 9.44444 0)
(24.1667 9.16667 0)
(23.8889 8.88889 0)
(23.6111 8.61111 0)
(23.3333 8.33333 0)
(23.0556 8.05556 0)
(22.7778 7.77778 0)
(22.7778 2.22222 0)
(23.0556 1.94444 0)
(23.3333 1.66667 0)
(23.6111 1.38889 0)
(23.8889 1.11111 0)
(24.1667 0.833333 0)
(24.4444 0.555556 0)
(24.7222 0.277778 0)
(5.55556 7 0)
(6.11111 7 0)
(6.66667 7 0)
(7.22222 7 0)
(7.77778 7 0)
(8.33333 7 0)
(8.88889 7 0)
(9.44444 7 0)
(10 6.55556 0)
(10 6.11111 0)
(10 5.66667 0)
(10 5.22222 0)
(10 4.77778 0)
(10 4.33333 0)
(10 3.88889 0)
(10 3.44444 0)
(9.44444 3 0)
(8.88889 3 0)
(8.33333 3 0)
(7.77778 3 0)
(7.22222 3 0)
(6.66667 3 0)
(6.11111 3 0)
(5.55556 3 0)
(5 3.44444 0)
(5 3.88889 0)
(5 4.33333 0)
(5 4.77778 0)
(5 5.22222 0)
(5 5.66667 0)
(5 6.11111 0)
(5 6.55556 0)
(18.4444 20 0)
(18.8889 20 0)
(19.3333 20 0)
(19.7778 20 0)
(20.2222 20 0)
(20.6667 20 0)
(21.1111 20 0)
(21.5556 20 0)
(22 19.4444 0)
(22 18.8889 0)
(22 18.3333 0)
(22 17.7778 0)
(22 17.2222 0)
(22 16.6667 0)
(22 16.1111 0)
(22 15.5556 0)
(21.5556 15 0)
(21.1111 15 0)
(20.6667 15 0)
(20.2222 15 0)
(19.7778 15 0)
(19.3333 15 0)
(18.8889 15 0)
(18.4444 15 0)
(18 15.5556 0)
(18 16.1111 0)
(18 16.6667 0)
(18 17.2222 0)
(18 17.7778 0)
(18 18.3333 0)
(18 18.8889 0)
(18 19.4444 0)
(30.5556 7 0)
(31.1111 7 0)
(31.6667 7 0)
(32.2222 7 0)
(32.7778 7 0)
(33.3333 7 0)
(33.8889 7 0)
(34.4444 7 0)
(35 6.55556 0)
(35 6.11111 0)
(35 5.66667 0)
(35 5.22222 0)
(35 4.77778 0)
(35 4.33333 0)
(35 3.88889 0)
(35 3.44444 0)
(34.4444 3 0)
(33.8889 3 0)
(33.3333 3 0)
(32.7778 3 0)
(32.2222 3 0)
(31.6667 3 0)
(31.1111 3 0)
(30.5556 3 0)
(30 3.44444 0)
(30 3.88889 0)
(30 4.33333 0)
(30 4.77778 0)
(30 5.22222 0)
(30 5.66667 0)
(30 6.11111 0)
(30 6.55556 0)
(18 -5.55556 0)
(18 -6.11111 0)
(18 -6.66667 0)
(18 -7.22222 0)
(18 -7.77778 0)
(18 -8.33333 0)
(18 -8.88889 0)
(18 -9.44444 0)
(18.4444 -10 0)
(18.8889 -10 0)
(19.3333 -10 0)
(19.7778 -10 0)
(20.2222 -10 0)
(20.6667 -10 0)
(21.1111 -10 0)
(21.5556 -10 0)
(22 -9.44444 0)
(22 -8.88889 0)
(22 -8.33333 0)
(22 -7.77778 0)
(22 -7.22222 0)
(22 -6.66667 0)
(22 -6.11111 0)
(22 -5.55556 0)
(21.5556 -5 0)
(21.1111 -5 0)
(20.6667 -5 0)
(20.2222 -5 0)
(19.7778 -5 0)
(19.3333 -5 0)
(18.8889 -5 0)
(18.4444 -5 0)
(10.5556 7.33333 0)
(11.1111 7.66667 0)
(11.6667 8 0)
(12.2222 8.33333 0)
(12.7778 8.66667 0)
(13.3333 9 0)
(13.8889 9.33333 0)
(14.4444 9.66667 0)
(10.5556 2.66667 0)
(11.1111 2.33333 0)
(11.6667 2 0)
(12.2222 1.66667 0)
(12.7778 1.33333 0)
(13.3333 1 0)
(13.8889 0.666667 0)
(14.4444 0.333333 0)
(4.44444 2.66667 0)
(3.88889 2.33333 0)
(3.33333 2 0)
(2.77778 1.66667 0)
(2.22222 1.33333 0)
(1.66667 1 0)
(1.11111 0.666667 0)
(0.555556 0.333333 0)
(4.44444 7.33333 0)
(3.88889 7.66667 0)
(3.33333 8 0)
(2.77778 8.33333 0)
(2.22222 8.66667 0)
(1.66667 9 0)
(1.11111 9.33333 0)
(0.555556 9.66667 0)
(17.6667 20.5556 0)
(17.3333 21.1111 0)
(17 21.6667 0)
(16.6667 22.2222 0)
(16.3333 22.7778 0)
(16 23.3333 0)
(15.6667 23.8889 0)
(15.3333 24.4444 0)
(22.3333 20.5556 0)
(22.6667 21.1111 0)
(23 21.6667 0)
(23.3333 22.2222 0)
(23.6667 22.7778 0)
(24 23.3333 0)
(24.3333 23.8889 0)
(24.6667 24.4444 0)
(17.6667 14.4444 0)
(17.3333 13.8889 0)
(17 13.3333 0)
(16.6667 12.7778 0)
(16.3333 12.2222 0)
(16 11.6667 0)
(15.6667 11.1111 0)
(15.3333 10.5556 0)
(22.3333 14.4444 0)
(22.6667 13.8889 0)
(23 13.3333 0)
(23.3333 12.7778 0)
(23.6667 12.2222 0)
(24 11.6667 0)
(24.3333 11.1111 0)
(24.6667 10.5556 0)
(25.5556 9.66667 0)
(26.1111 9.33333 0)
(26.6667 9 0)
(27.2222 8.66667 0)
(27.7778 8.33333 0)
(28.3333 8 0)
(28.8889 7.66667 0)
(29.4444 7.33333 0)
(39.4444 9.66667 0)
(38.8889 9.33333 0)
(38.3333 9 0)
(37.7778 8.66667 0)
(37.2222 8.33333 0)
(36.6667 8 0)
(36.1111 7.66667 0)
(35.5556 7.33333 0)
(35.5556 2.66667 0)
(36.1111 2.33333 0)
(36.6667 2 0)
(37.2222 1.66667 0)
(37.7778 1.33333 0)
(38.3333 1 0)
(38.8889 0.666667 0)
(39.4444 0.333333 0)
(29.4444 2.66667 0)
(28.8889 2.33333 0)
(28.3333 2 0)
(27.7778 1.66667 0)
(27.2222 1.33333 0)
(26.6667 1 0)
(26.1111 0.666667 0)
(25.5556 0.333333 0)
(15.3333 -0.555556 0)
(15.6667 -1.11111 0)
(16 -1.66667 0)
(16.3333 -2.22222 0)
(16.6667 -2.77778 0)
(17 -3.33333 0)
(17.3333 -3.88889 0)
(17.6667 -4.44444 0)
(22.3333 -4.44444 0)
(22.6667 -3.88889 0)
(23 -3.33333 0)
(23.3333 -2.77778 0)
(23.6667 -2.22222 0)
(24 -1.66667 0)
(24.3333 -1.11111 0)
(24.6667 -0.555556 0)
(22.3333 -10.5556 0)
(22.6667 -11.1111 0)
(23 -11.6667 0)
(23.3333 -12.2222 0)
(23.6667 -12.7778 0)
(24 -13.3333 0)
(24.3333 -13.8889 0)
(24.6667 -14.4444 0)
(17.6667 -10.5556 0)
(17.3333 -11.1111 0)
(17 -11.6667 0)
(16.6667 -12.2222 0)
(16.3333 -12.7778 0)
(16 -13.3333 0)
(15.6667 -13.8889 0)
(15.3333 -14.4444 0)
(4.44444 7.33333 20)
(3.88889 7.66667 20)
(3.33333 8 20)
(2.77778 8.33333 20)
(2.22222 8.66667 20)
(1.66667 9 20)
(1.11111 9.33333 20)
(0.555556 9.66667 20)
(0 8.88889 20)
(0 7.77778 20)
(0 6.66667 20)
(0 5.55556 20)
(0 4.44444 20)
(0 3.33333 20)
(0 2.22222 20)
(0 1.11111 20)
(0.555556 0.333333 20)
(1.11111 0.666667 20)
(1.66667 1 20)
(2.22222 1.33333 20)
(2.77778 1.66667 20)
(3.33333 2 20)
(3.88889 2.33333 20)
(4.44444 2.66667 20)
(5 3.44444 20)
(5 3.88889 20)
(5 4.33333 20)
(5 4.77778 20)
(5 5.22222 20)
(5 5.66667 20)
(5 6.11111 20)
(5 6.55556 20)
(1.66667 10 20)
(3.33333 10 20)
(5 10 20)
(6.66667 10 20)
(8.33333 10 20)
(10 10 20)
(11.6667 10 20)
(13.3333 10 20)
(14.4444 9.66667 20)
(13.8889 9.33333 20)
(13.3333 9 20)
(12.7778 8.66667 20)
(12.2222 8.33333 20)
(11.6667 8 20)
(11.1111 7.66667 20)
(10.5556 7.33333 20)
(9.44444 7 20)
(8.88889 7 20)
(8.33333 7 20)
(7.77778 7 20)
(7.22222 7 20)
(6.66667 7 20)
(6.11111 7 20)
(5.55556 7 20)
(15 8.88889 20)
(15 7.77778 20)
(15 6.66667 20)
(15 5.55556 20)
(15 4.44444 20)
(15 3.33333 20)
(15 2.22222 20)
(15 1.11111 20)
(14.4444 0.333333 20)
(13.8889 0.666667 20)
(13.3333 1 20)
(12.7778 1.33333 20)
(12.2222 1.66667 20)
(11.6667 2 20)
(11.1111 2.33333 20)
(10.5556 2.66667 20)
(10 3.44444 20)
(10 3.88889 20)
(10 4.33333 20)
(10 4.77778 20)
(10 5.22222 20)
(10 5.66667 20)
(10 6.11111 20)
(10 6.55556 20)
(13.3333 0 20)
(11.6667 0 20)
(10 0 20)
(8.33333 0 20)
(6.66667 0 20)
(5 0 20)
(3.33333 0 20)
(1.66667 0 20)
(5.55556 3 20)
(6.11111 3 20)
(6.66667 3 20)
(7.22222 3 20)
(7.77778 3 20)
(8.33333 3 20)
(8.88889 3 20)
(9.44444 3 20)
(22.3333 14.4444 20)
(22.6667 13.8889 20)
(23 13.3333 20)
(23.3333 12.7778 20)
(23.6667 12.2222 20)
(24 11.6667 20)
(24.3333 11.1111 20)
(24.6667 10.5556 20)
(23.8889 10 20)
(22.7778 10 20)
(21.6667 10 20)
(20.5556 10 20)
(19.4444 10 20)
(18.3333 10 20)
(17.2222 10 20)
(16.1111 10 20)
(15.3333 10.5556 20)
(15.6667 11.1111 20)
(16 11.6667 20)
(16.3333 12.2222 20)
(16.6667 12.7778 20)
(17 13.3333 20)
(17.3333 13.8889 20)
(17.6667 14.4444 20)
(18.4444 15 20)
(18.8889 15 20)
(19.3333 15 20)
(19.7778 15 20)
(20.2222 15 20)
(20.6667 15 20)
(21.1111 15 20)
(21.5556 15 20)
(15 11.6667 20)
(15 13.3333 20)
(15 15 20)
(15 16.6667 20)
(15 18.3333 20)
(15 20 20)
(15 21.6667 20)
(15 23.3333 20)
(15.3333 24.4444 20)
(15.6667 23.8889 20)
(16 23.3333 20)
(16.3333 22.7778 20)
(16.6667 22.2222 20)
(17 21.6667 20)
(17.3333 21.1111 20)
(17.6667 20.5556 20)
(18 19.4444 20)
(18 18.8889 20)
(18 18.3333 20)
(18 17.7778 20)
(18 17.2222 20)
(18 16.6667 20)
(18 16.1111 20)
(18 15.5556 20)
(22.3333 20.5556 20)
(22.6667 21.1111 20)
(23 21.6667 20)
(23.3333 22.2222 20)
(23.6667 22.7778 20)
(24 23.3333 20)
(24.3333 23.8889 20)
(24.6667 24.4444 20)
(25 23.3333 20)
(25 21.6667 20)
(25 20 20)
(25 18.3333 20)
(25 16.6667 20)
(25 15 20)
(25 13.3333 20)
(25 11.6667 20)
(22 15.5556 20)
(22 16.1111 20)
(22 16.6667 20)
(22 17.2222 20)
(22 17.7778 20)
(22 18.3333 20)
(22 18.8889 20)
(22 19.4444 20)
(16.1111 25 20)
(17.2222 25 20)
(18.3333 25 20)
(19.4444 25 20)
(20.5556 25 20)
(21.6667 25 20)
(22.7778 25 20)
(23.8889 25 20)
(21.5556 20 20)
(21.1111 20 20)
(20.6667 20 20)
(20.2222 20 20)
(19.7778 20 20)
(19.3333 20 20)
(18.8889 20 20)
(18.4444 20 20)
(15.2778 9.72222 20)
(15.5556 9.44444 20)
(15.8333 9.16667 20)
(16.1111 8.88889 20)
(16.3889 8.61111 20)
(16.6667 8.33333 20)
(16.9444 8.05556 20)
(17.2222 7.77778 20)
(17.9721 7.89614 20)
(18.5058 8.20428 20)
(19.0849 8.41506 20)
(19.6919 8.52208 20)
(20.3081 8.52208 20)
(20.9151 8.41506 20)
(21.4942 8.20428 20)
(22.0279 7.89614 20)
(22.7778 7.77778 20)
(23.0556 8.05556 20)
(23.3333 8.33333 20)
(23.6111 8.61111 20)
(23.8889 8.88889 20)
(24.1667 9.16667 20)
(24.4444 9.44444 20)
(24.7222 9.72222 20)
(22.8961 7.0279 20)
(23.2043 6.49418 20)
(23.4151 5.91506 20)
(23.5221 5.30814 20)
(23.5221 4.69186 20)
(23.4151 4.08494 20)
(23.2043 3.50582 20)
(22.8961 2.9721 20)
(22.7778 2.22222 20)
(23.0556 1.94444 20)
(23.3333 1.66667 20)
(23.6111 1.38889 20)
(23.8889 1.11111 20)
(24.1667 0.833333 20)
(24.4444 0.555556 20)
(24.7222 0.277778 20)
(25 1.11111 20)
(25 2.22222 20)
(25 3.33333 20)
(25 4.44444 20)
(25 5.55556 20)
(25 6.66667 20)
(25 7.77778 20)
(25 8.88889 20)
(22.0279 2.10386 20)
(21.4942 1.79572 20)
(20.9151 1.58494 20)
(20.3081 1.47792 20)
(19.6919 1.47792 20)
(19.0849 1.58494 20)
(18.5058 1.79572 20)
(17.9721 2.10386 20)
(17.2222 2.22222 20)
(16.9444 1.94444 20)
(16.6667 1.66667 20)
(16.3889 1.38889 20)
(16.1111 1.11111 20)
(15.8333 0.833333 20)
(15.5556 0.555556 20)
(15.2778 0.277778 20)
(16.1111 0 20)
(17.2222 0 20)
(18.3333 0 20)
(19.4444 0 20)
(20.5556 0 20)
(21.6667 0 20)
(22.7778 0 20)
(23.8889 0 20)
(17.1039 7.0279 20)
(16.7957 6.49418 20)
(16.5849 5.91506 20)
(16.4779 5.30814 20)
(16.4779 4.69186 20)
(16.5849 4.08494 20)
(16.7957 3.50582 20)
(17.1039 2.9721 20)
(25.5556 9.66667 20)
(26.1111 9.33333 20)
(26.6667 9 20)
(27.2222 8.66667 20)
(27.7778 8.33333 20)
(28.3333 8 20)
(28.8889 7.66667 20)
(29.4444 7.33333 20)
(30 6.55556 20)
(30 6.11111 20)
(30 5.66667 20)
(30 5.22222 20)
(30 4.77778 20)
(30 4.33333 20)
(30 3.88889 20)
(30 3.44444 20)
(29.4444 2.66667 20)
(28.8889 2.33333 20)
(28.3333 2 20)
(27.7778 1.66667 20)
(27.2222 1.33333 20)
(26.6667 1 20)
(26.1111 0.666667 20)
(25.5556 0.333333 20)
(26.6667 10 20)
(28.3333 10 20)
(30 10 20)
(31.6667 10 20)
(33.3333 10 20)
(35 10 20)
(36.6667 10 20)
(38.3333 10 20)
(39.4444 9.66667 20)
(38.8889 9.33333 20)
(38.3333 9 20)
(37.7778 8.66667 20)
(37.2222 8.33333 20)
(36.6667 8 20)
(36.1111 7.66667 20)
(35.5556 7.33333 20)
(34.4444 7 20)
(33.8889 7 20)
(33.3333 7 20)
(32.7778 7 20)
(32.2222 7 20)
(31.6667 7 20)
(31.1111 7 20)
(30.5556 7 20)
(35.5556 2.66667 20)
(36.1111 2.33333 20)
(36.6667 2 20)
(37.2222 1.66667 20)
(37.7778 1.33333 20)
(38.3333 1 20)
(38.8889 0.666667 20)
(39.4444 0.333333 20)
(40 1.11111 20)
(40 2.22222 20)
(40 3.33333 20)
(40 4.44444 20)
(40 5.55556 20)
(40 6.66667 20)
(40 7.77778 20)
(40 8.88889 20)
(35 6.55556 20)
(35 6.11111 20)
(35 5.66667 20)
(35 5.22222 20)
(35 4.77778 20)
(35 4.33333 20)
(35 3.88889 20)
(35 3.44444 20)
(34.4444 3 20)
(33.8889 3 20)
(33.3333 3 20)
(32.7778 3 20)
(32.2222 3 20)
(31.6667 3 20)
(31.1111 3 20)
(30.5556 3 20)
(26.6667 0 20)
(28.3333 0 20)
(30 0 20)
(31.6667 0 20)
(33.3333 0 20)
(35 0 20)
(36.6667 0 20)
(38.3333 0 20)
(22.3333 -4.44444 20)
(22.6667 -3.88889 20)
(23 -3.33333 20)
(23.3333 -2.77778 20)
(23.6667 -2.22222 20)
(24 -1.66667 20)
(24.3333 -1.11111 20)
(24.6667 -0.555556 20)
(15.3333 -0.555556 20)
(15.6667 -1.11111 20)
(16 -1.66667 20)
(16.3333 -2.22222 20)
(16.6667 -2.77778 20)
(17 -3.33333 20)
(17.3333 -3.88889 20)
(17.6667 -4.44444 20)
(18.4444 -5 20)
(18.8889 -5 20)
(19.3333 -5 20)
(19.7778 -5 20)
(20.2222 -5 20)
(20.6667 -5 20)
(21.1111 -5 20)
(21.5556 -5 20)
(18 -5.55556 20)
(18 -6.11111 20)
(18 -6.66667 20)
(18 -7.22222 20)
(18 -7.77778 20)
(18 -8.33333 20)
(18 -8.88889 20)
(18 -9.44444 20)
(17.6667 -10.5556 20)
(17.3333 -11.1111 20)
(17 -11.6667 20)
(16.6667 -12.2222 20)
(16.3333 -12.7778 20)
(16 -13.3333 20)
(15.6667 -13.8889 20)
(15.3333 -14.4444 20)
(15 -13.3333 20)
(15 -11.6667 20)
(15 -10 20)
(15 -8.33333 20)
(15 -6.66667 20)
(15 -5 20)
(15 -3.33333 20)
(15 -1.66667 20)
(23.8889 -15 20)
(22.7778 -15 20)
(21.6667 -15 20)
(20.5556 -15 20)
(19.4444 -15 20)
(18.3333 -15 20)
(17.2222 -15 20)
(16.1111 -15 20)
(18.4444 -10 20)
(18.8889 -10 20)
(19.3333 -10 20)
(19.7778 -10 20)
(20.2222 -10 20)
(20.6667 -10 20)
(21.1111 -10 20)
(21.5556 -10 20)
(22.3333 -10.5556 20)
(22.6667 -11.1111 20)
(23 -11.6667 20)
(23.3333 -12.2222 20)
(23.6667 -12.7778 20)
(24 -13.3333 20)
(24.3333 -13.8889 20)
(24.6667 -14.4444 20)
(25 -1.66667 20)
(25 -3.33333 20)
(25 -5 20)
(25 -6.66667 20)
(25 -8.33333 20)
(25 -10 20)
(25 -11.6667 20)
(25 -13.3333 20)
(22 -9.44444 20)
(22 -8.88889 20)
(22 -8.33333 20)
(22 -7.77778 20)
(22 -7.22222 20)
(22 -6.66667 20)
(22 -6.11111 20)
(22 -5.55556 20)
(4.44444 6.81481 0)
(4.44444 6.2963 0)
(4.44444 5.77778 0)
(4.44444 5.25926 0)
(4.44444 4.74074 0)
(4.44444 4.22222 0)
(4.44444 3.7037 0)
(4.44444 3.18519 0)
(3.88889 7.07407 0)
(3.88889 6.48148 0)
(3.88889 5.88889 0)
(3.88889 5.2963 0)
(3.88889 4.7037 0)
(3.88889 4.11111 0)
(3.88889 3.51852 0)
(3.88889 2.92593 0)
(3.33333 7.33333 0)
(3.33333 6.66667 0)
(3.33333 6 0)
(3.33333 5.33333 0)
(3.33333 4.66667 0)
(3.33333 4 0)
(3.33333 3.33333 0)
(3.33333 2.66667 0)
(2.77778 7.59259 0)
(2.77778 6.85185 0)
(2.77778 6.11111 0)
(2.77778 5.37037 0)
(2.77778 4.62963 0)
(2.77778 3.88889 0)
(2.77778 3.14815 0)
(2.77778 2.40741 0)
(2.22222 7.85185 0)
(2.22222 7.03704 0)
(2.22222 6.22222 0)
(2.22222 5.40741 0)
(2.22222 4.59259 0)
(2.22222 3.77778 0)
(2.22222 2.96296 0)
(2.22222 2.14815 0)
(1.66667 8.11111 0)
(1.66667 7.22222 0)
(1.66667 6.33333 0)
(1.66667 5.44444 0)
(1.66667 4.55556 0)
(1.66667 3.66667 0)
(1.66667 2.77778 0)
(1.66667 1.88889 0)
(1.11111 8.37037 0)
(1.11111 7.40741 0)
(1.11111 6.44444 0)
(1.11111 5.48148 0)
(1.11111 4.51852 0)
(1.11111 3.55556 0)
(1.11111 2.59259 0)
(1.11111 1.62963 0)
(0.555556 8.62963 0)
(0.555556 7.59259 0)
(0.555556 6.55556 0)
(0.555556 5.51852 0)
(0.555556 4.48148 0)
(0.555556 3.44444 0)
(0.555556 2.40741 0)
(0.555556 1.37037 0)
(2.09877 9.66667 0)
(2.53086 9.33333 0)
(2.96296 9 0)
(3.39506 8.66667 0)
(3.82716 8.33333 0)
(4.25926 8 0)
(4.69136 7.66667 0)
(5.12346 7.33333 0)
(3.64198 9.66667 0)
(3.95062 9.33333 0)
(4.25926 9 0)
(4.5679 8.66667 0)
(4.87654 8.33333 0)
(5.18519 8 0)
(5.49383 7.66667 0)
(5.80247 7.33333 0)
(5.18519 9.66667 0)
(5.37037 9.33333 0)
(5.55556 9 0)
(5.74074 8.66667 0)
(5.92593 8.33333 0)
(6.11111 8 0)
(6.2963 7.66667 0)
(6.48148 7.33333 0)
(6.7284 9.66667 0)
(6.79012 9.33333 0)
(6.85185 9 0)
(6.91358 8.66667 0)
(6.97531 8.33333 0)
(7.03704 8 0)
(7.09877 7.66667 0)
(7.16049 7.33333 0)
(8.2716 9.66667 0)
(8.20988 9.33333 0)
(8.14815 9 0)
(8.08642 8.66667 0)
(8.02469 8.33333 0)
(7.96296 8 0)
(7.90123 7.66667 0)
(7.83951 7.33333 0)
(9.81481 9.66667 0)
(9.62963 9.33333 0)
(9.44444 9 0)
(9.25926 8.66667 0)
(9.07407 8.33333 0)
(8.88889 8 0)
(8.7037 7.66667 0)
(8.51852 7.33333 0)
(11.358 9.66667 0)
(11.0494 9.33333 0)
(10.7407 9 0)
(10.4321 8.66667 0)
(10.1235 8.33333 0)
(9.81481 8 0)
(9.50617 7.66667 0)
(9.19753 7.33333 0)
(12.9012 9.66667 0)
(12.4691 9.33333 0)
(12.037 9 0)
(11.6049 8.66667 0)
(11.1728 8.33333 0)
(10.7407 8 0)
(10.3086 7.66667 0)
(9.87654 7.33333 0)
(10.5556 6.81481 0)
(10.5556 6.2963 0)
(10.5556 5.77778 0)
(10.5556 5.25926 0)
(10.5556 4.74074 0)
(10.5556 4.22222 0)
(10.5556 3.7037 0)
(10.5556 3.18519 0)
(11.1111 7.07407 0)
(11.1111 6.48148 0)
(11.1111 5.88889 0)
(11.1111 5.2963 0)
(11.1111 4.7037 0)
(11.1111 4.11111 0)
(11.1111 3.51852 0)
(11.1111 2.92593 0)
(11.6667 7.33333 0)
(11.6667 6.66667 0)
(11.6667 6 0)
(11.6667 5.33333 0)
(11.6667 4.66667 0)
(11.6667 4 0)
(11.6667 3.33333 0)
(11.6667 2.66667 0)
(12.2222 7.59259 0)
(12.2222 6.85185 0)
(12.2222 6.11111 0)
(12.2222 5.37037 0)
(12.2222 4.62963 0)
(12.2222 3.88889 0)
(12.2222 3.14815 0)
(12.2222 2.40741 0)
(12.7778 7.85185 0)
(12.7778 7.03704 0)
(12.7778 6.22222 0)
(12.7778 5.40741 0)
(12.7778 4.59259 0)
(12.7778 3.77778 0)
(12.7778 2.96296 0)
(12.7778 2.14815 0)
(13.3333 8.11111 0)
(13.3333 7.22222 0)
(13.3333 6.33333 0)
(13.3333 5.44444 0)
(13.3333 4.55556 0)
(13.3333 3.66667 0)
(13.3333 2.77778 0)
(13.3333 1.88889 0)
(13.8889 8.37037 0)
(13.8889 7.40741 0)
(13.8889 6.44444 0)
(13.8889 5.48148 0)
(13.8889 4.51852 0)
(13.8889 3.55556 0)
(13.8889 2.59259 0)
(13.8889 1.62963 0)
(14.4444 8.62963 0)
(14.4444 7.59259 0)
(14.4444 6.55556 0)
(14.4444 5.51852 0)
(14.4444 4.48148 0)
(14.4444 3.44444 0)
(14.4444 2.40741 0)
(14.4444 1.37037 0)
(12.9012 0.333333 0)
(12.4691 0.666667 0)
(12.037 1 0)
(11.6049 1.33333 0)
(11.1728 1.66667 0)
(10.7407 2 0)
(10.3086 2.33333 0)
(9.87654 2.66667 0)
(11.358 0.333333 0)
(11.0494 0.666667 0)
(10.7407 1 0)
(10.4321 1.33333 0)
(10.1235 1.66667 0)
(9.81481 2 0)
(9.50617 2.33333 0)
(9.19753 2.66667 0)
(9.81481 0.333333 0)
(9.62963 0.666667 0)
(9.44444 1 0)
(9.25926 1.33333 0)
(9.07407 1.66667 0)
(8.88889 2 0)
(8.7037 2.33333 0)
(8.51852 2.66667 0)
(8.2716 0.333333 0)
(8.20988 0.666667 0)
(8.14815 1 0)
(8.08642 1.33333 0)
(8.02469 1.66667 0)
(7.96296 2 0)
(7.90123 2.33333 0)
(7.83951 2.66667 0)
(6.7284 0.333333 0)
(6.79012 0.666667 0)
(6.85185 1 0)
(6.91358 1.33333 0)
(6.97531 1.66667 0)
(7.03704 2 0)
(7.09877 2.33333 0)
(7.16049 2.66667 0)
(5.18519 0.333333 0)
(5.37037 0.666667 0)
(5.55556 1 0)
(5.74074 1.33333 0)
(5.92593 1.66667 0)
(6.11111 2 0)
(6.2963 2.33333 0)
(6.48148 2.66667 0)
(3.64198 0.333333 0)
(3.95062 0.666667 0)
(4.25926 1 0)
(4.5679 1.33333 0)
(4.87654 1.66667 0)
(5.18519 2 0)
(5.49383 2.33333 0)
(5.80247 2.66667 0)
(2.09877 0.333333 0)
(2.53086 0.666667 0)
(2.96296 1 0)
(3.39506 1.33333 0)
(3.82716 1.66667 0)
(4.25926 2 0)
(4.69136 2.33333 0)
(5.12346 2.66667 0)
(15.3333 12.0988 0)
(15.6667 12.5309 0)
(16 12.963 0)
(16.3333 13.3951 0)
(16.6667 13.8272 0)
(17 14.2593 0)
(17.3333 14.6914 0)
(17.6667 15.1235 0)
(15.3333 13.642 0)
(15.6667 13.9506 0)
(16 14.2593 0)
(16.3333 14.5679 0)
(16.6667 14.8765 0)
(17 15.1852 0)
(17.3333 15.4938 0)
(17.6667 15.8025 0)
(15.3333 15.1852 0)
(15.6667 15.3704 0)
(16 15.5556 0)
(16.3333 15.7407 0)
(16.6667 15.9259 0)
(17 16.1111 0)
(17.3333 16.2963 0)
(17.6667 16.4815 0)
(15.3333 16.7284 0)
(15.6667 16.7901 0)
(16 16.8519 0)
(16.3333 16.9136 0)
(16.6667 16.9753 0)
(17 17.037 0)
(17.3333 17.0988 0)
(17.6667 17.1605 0)
(15.3333 18.2716 0)
(15.6667 18.2099 0)
(16 18.1481 0)
(16.3333 18.0864 0)
(16.6667 18.0247 0)
(17 17.963 0)
(17.3333 17.9012 0)
(17.6667 17.8395 0)
(15.3333 19.8148 0)
(15.6667 19.6296 0)
(16 19.4444 0)
(16.3333 19.2593 0)
(16.6667 19.0741 0)
(17 18.8889 0)
(17.3333 18.7037 0)
(17.6667 18.5185 0)
(15.3333 21.358 0)
(15.6667 21.0494 0)
(16 20.7407 0)
(16.3333 20.4321 0)
(16.6667 20.1235 0)
(17 19.8148 0)
(17.3333 19.5062 0)
(17.6667 19.1975 0)
(15.3333 22.9012 0)
(15.6667 22.4691 0)
(16 22.037 0)
(16.3333 21.6049 0)
(16.6667 21.1728 0)
(17 20.7407 0)
(17.3333 20.3086 0)
(17.6667 19.8765 0)
(18.1852 20.5556 0)
(18.7037 20.5556 0)
(19.2222 20.5556 0)
(19.7407 20.5556 0)
(20.2593 20.5556 0)
(20.7778 20.5556 0)
(21.2963 20.5556 0)
(21.8148 20.5556 0)
(17.9259 21.1111 0)
(18.5185 21.1111 0)
(19.1111 21.1111 0)
(19.7037 21.1111 0)
(20.2963 21.1111 0)
(20.8889 21.1111 0)
(21.4815 21.1111 0)
(22.0741 21.1111 0)
(17.6667 21.6667 0)
(18.3333 21.6667 0)
(19 21.6667 0)
(19.6667 21.6667 0)
(20.3333 21.6667 0)
(21 21.6667 0)
(21.6667 21.6667 0)
(22.3333 21.6667 0)
(17.4074 22.2222 0)
(18.1481 22.2222 0)
(18.8889 22.2222 0)
(19.6296 22.2222 0)
(20.3704 22.2222 0)
(21.1111 22.2222 0)
(21.8519 22.2222 0)
(22.5926 22.2222 0)
(17.1481 22.7778 0)
(17.963 22.7778 0)
(18.7778 22.7778 0)
(19.5926 22.7778 0)
(20.4074 22.7778 0)
(21.2222 22.7778 0)
(22.037 22.7778 0)
(22.8519 22.7778 0)
(16.8889 23.3333 0)
(17.7778 23.3333 0)
(18.6667 23.3333 0)
(19.5556 23.3333 0)
(20.4444 23.3333 0)
(21.3333 23.3333 0)
(22.2222 23.3333 0)
(23.1111 23.3333 0)
(16.6296 23.8889 0)
(17.5926 23.8889 0)
(18.5556 23.8889 0)
(19.5185 23.8889 0)
(20.4815 23.8889 0)
(21.4444 23.8889 0)
(22.4074 23.8889 0)
(23.3704 23.8889 0)
(16.3704 24.4444 0)
(17.4074 24.4444 0)
(18.4444 24.4444 0)
(19.4815 24.4444 0)
(20.5185 24.4444 0)
(21.5556 24.4444 0)
(22.5926 24.4444 0)
(23.6296 24.4444 0)
(22.3333 19.8765 0)
(22.3333 19.1975 0)
(22.3333 18.5185 0)
(22.3333 17.8395 0)
(22.3333 17.1605 0)
(22.3333 16.4815 0)
(22.3333 15.8025 0)
(22.3333 15.1235 0)
(22.6667 20.3086 0)
(22.6667 19.5062 0)
(22.6667 18.7037 0)
(22.6667 17.9012 0)
(22.6667 17.0988 0)
(22.6667 16.2963 0)
(22.6667 15.4938 0)
(22.6667 14.6914 0)
(23 20.7407 0)
(23 19.8148 0)
(23 18.8889 0)
(23 17.963 0)
(23 17.037 0)
(23 16.1111 0)
(23 15.1852 0)
(23 14.2593 0)
(23.3333 21.1728 0)
(23.3333 20.1235 0)
(23.3333 19.0741 0)
(23.3333 18.0247 0)
(23.3333 16.9753 0)
(23.3333 15.9259 0)
(23.3333 14.8765 0)
(23.3333 13.8272 0)
(23.6667 21.6049 0)
(23.6667 20.4321 0)
(23.6667 19.2593 0)
(23.6667 18.0864 0)
(23.6667 16.9136 0)
(23.6667 15.7407 0)
(23.6667 14.5679 0)
(23.6667 13.3951 0)
(24 22.037 0)
(24 20.7407 0)
(24 19.4444 0)
(24 18.1481 0)
(24 16.8519 0)
(24 15.5556 0)
(24 14.2593 0)
(24 12.963 0)
(24.3333 22.4691 0)
(24.3333 21.0494 0)
(24.3333 19.6296 0)
(24.3333 18.2099 0)
(24.3333 16.7901 0)
(24.3333 15.3704 0)
(24.3333 13.9506 0)
(24.3333 12.5309 0)
(24.6667 22.9012 0)
(24.6667 21.358 0)
(24.6667 19.8148 0)
(24.6667 18.2716 0)
(24.6667 16.7284 0)
(24.6667 15.1852 0)
(24.6667 13.642 0)
(24.6667 12.0988 0)
(21.8148 14.4444 0)
(21.2963 14.4444 0)
(20.7778 14.4444 0)
(20.2593 14.4444 0)
(19.7407 14.4444 0)
(19.2222 14.4444 0)
(18.7037 14.4444 0)
(18.1852 14.4444 0)
(22.0741 13.8889 0)
(21.4815 13.8889 0)
(20.8889 13.8889 0)
(20.2963 13.8889 0)
(19.7037 13.8889 0)
(19.1111 13.8889 0)
(18.5185 13.8889 0)
(17.9259 13.8889 0)
(22.3333 13.3333 0)
(21.6667 13.3333 0)
(21 13.3333 0)
(20.3333 13.3333 0)
(19.6667 13.3333 0)
(19 13.3333 0)
(18.3333 13.3333 0)
(17.6667 13.3333 0)
(22.5926 12.7778 0)
(21.8519 12.7778 0)
(21.1111 12.7778 0)
(20.3704 12.7778 0)
(19.6296 12.7778 0)
(18.8889 12.7778 0)
(18.1481 12.7778 0)
(17.4074 12.7778 0)
(22.8519 12.2222 0)
(22.037 12.2222 0)
(21.2222 12.2222 0)
(20.4074 12.2222 0)
(19.5926 12.2222 0)
(18.7778 12.2222 0)
(17.963 12.2222 0)
(17.1481 12.2222 0)
(23.1111 11.6667 0)
(22.2222 11.6667 0)
(21.3333 11.6667 0)
(20.4444 11.6667 0)
(19.5556 11.6667 0)
(18.6667 11.6667 0)
(17.7778 11.6667 0)
(16.8889 11.6667 0)
(23.3704 11.1111 0)
(22.4074 11.1111 0)
(21.4444 11.1111 0)
(20.4815 11.1111 0)
(19.5185 11.1111 0)
(18.5556 11.1111 0)
(17.5926 11.1111 0)
(16.6296 11.1111 0)
(23.6296 10.5556 0)
(22.5926 10.5556 0)
(21.5556 10.5556 0)
(20.5185 10.5556 0)
(19.4815 10.5556 0)
(18.4444 10.5556 0)
(17.4074 10.5556 0)
(16.3704 10.5556 0)
(27.0988 9.66667 0)
(27.5309 9.33333 0)
(27.963 9 0)
(28.3951 8.66667 0)
(28.8272 8.33333 0)
(29.2593 8 0)
(29.6914 7.66667 0)
(30.1235 7.33333 0)
(28.642 9.66667 0)
(28.9506 9.33333 0)
(29.2593 9 0)
(29.5679 8.66667 0)
(29.8765 8.33333 0)
(30.1852 8 0)
(30.4938 7.66667 0)
(30.8025 7.33333 0)
(30.1852 9.66667 0)
(30.3704 9.33333 0)
(30.5556 9 0)
(30.7407 8.66667 0)
(30.9259 8.33333 0)
(31.1111 8 0)
(31.2963 7.66667 0)
(31.4815 7.33333 0)
(31.7284 9.66667 0)
(31.7901 9.33333 0)
(31.8519 9 0)
(31.9136 8.66667 0)
(31.9753 8.33333 0)
(32.037 8 0)
(32.0988 7.66667 0)
(32.1605 7.33333 0)
(33.2716 9.66667 0)
(33.2099 9.33333 0)
(33.1481 9 0)
(33.0864 8.66667 0)
(33.0247 8.33333 0)
(32.963 8 0)
(32.9012 7.66667 0)
(32.8395 7.33333 0)
(34.8148 9.66667 0)
(34.6296 9.33333 0)
(34.4444 9 0)
(34.2593 8.66667 0)
(34.0741 8.33333 0)
(33.8889 8 0)
(33.7037 7.66667 0)
(33.5185 7.33333 0)
(36.358 9.66667 0)
(36.0494 9.33333 0)
(35.7407 9 0)
(35.4321 8.66667 0)
(35.1235 8.33333 0)
(34.8148 8 0)
(34.5062 7.66667 0)
(34.1975 7.33333 0)
(37.9012 9.66667 0)
(37.4691 9.33333 0)
(37.037 9 0)
(36.6049 8.66667 0)
(36.1728 8.33333 0)
(35.7407 8 0)
(35.3086 7.66667 0)
(34.8765 7.33333 0)
(25.5556 1.37037 0)
(26.1111 1.62963 0)
(26.6667 1.88889 0)
(27.2222 2.14815 0)
(27.7778 2.40741 0)
(28.3333 2.66667 0)
(28.8889 2.92593 0)
(29.4444 3.18519 0)
(25.5556 2.40741 0)
(26.1111 2.59259 0)
(26.6667 2.77778 0)
(27.2222 2.96296 0)
(27.7778 3.14815 0)
(28.3333 3.33333 0)
(28.8889 3.51852 0)
(29.4444 3.7037 0)
(25.5556 3.44444 0)
(26.1111 3.55556 0)
(26.6667 3.66667 0)
(27.2222 3.77778 0)
(27.7778 3.88889 0)
(28.3333 4 0)
(28.8889 4.11111 0)
(29.4444 4.22222 0)
(25.5556 4.48148 0)
(26.1111 4.51852 0)
(26.6667 4.55556 0)
(27.2222 4.59259 0)
(27.7778 4.62963 0)
(28.3333 4.66667 0)
(28.8889 4.7037 0)
(29.4444 4.74074 0)
(25.5556 5.51852 0)
(26.1111 5.48148 0)
(26.6667 5.44444 0)
(27.2222 5.40741 0)
(27.7778 5.37037 0)
(28.3333 5.33333 0)
(28.8889 5.2963 0)
(29.4444 5.25926 0)
(25.5556 6.55556 0)
(26.1111 6.44444 0)
(26.6667 6.33333 0)
(27.2222 6.22222 0)
(27.7778 6.11111 0)
(28.3333 6 0)
(28.8889 5.88889 0)
(29.4444 5.77778 0)
(25.5556 7.59259 0)
(26.1111 7.40741 0)
(26.6667 7.22222 0)
(27.2222 7.03704 0)
(27.7778 6.85185 0)
(28.3333 6.66667 0)
(28.8889 6.48148 0)
(29.4444 6.2963 0)
(25.5556 8.62963 0)
(26.1111 8.37037 0)
(26.6667 8.11111 0)
(27.2222 7.85185 0)
(27.7778 7.59259 0)
(28.3333 7.33333 0)
(28.8889 7.07407 0)
(29.4444 6.81481 0)
(34.8765 2.66667 0)
(35.3086 2.33333 0)
(35.7407 2 0)
(36.1728 1.66667 0)
(36.6049 1.33333 0)
(37.037 1 0)
(37.4691 0.666667 0)
(37.9012 0.333333 0)
(34.1975 2.66667 0)
(34.5062 2.33333 0)
(34.8148 2 0)
(35.1235 1.66667 0)
(35.4321 1.33333 0)
(35.7407 1 0)
(36.0494 0.666667 0)
(36.358 0.333333 0)
(33.5185 2.66667 0)
(33.7037 2.33333 0)
(33.8889 2 0)
(34.0741 1.66667 0)
(34.2593 1.33333 0)
(34.4444 1 0)
(34.6296 0.666667 0)
(34.8148 0.333333 0)
(32.8395 2.66667 0)
(32.9012 2.33333 0)
(32.963 2 0)
(33.0247 1.66667 0)
(33.0864 1.33333 0)
(33.1481 1 0)
(33.2099 0.666667 0)
(33.2716 0.333333 0)
(32.1605 2.66667 0)
(32.0988 2.33333 0)
(32.037 2 0)
(31.9753 1.66667 0)
(31.9136 1.33333 0)
(31.8519 1 0)
(31.7901 0.666667 0)
(31.7284 0.333333 0)
(31.4815 2.66667 0)
(31.2963 2.33333 0)
(31.1111 2 0)
(30.9259 1.66667 0)
(30.7407 1.33333 0)
(30.5556 1 0)
(30.3704 0.666667 0)
(30.1852 0.333333 0)
(30.8025 2.66667 0)
(30.4938 2.33333 0)
(30.1852 2 0)
(29.8765 1.66667 0)
(29.5679 1.33333 0)
(29.2593 1 0)
(28.9506 0.666667 0)
(28.642 0.333333 0)
(30.1235 2.66667 0)
(29.6914 2.33333 0)
(29.2593 2 0)
(28.8272 1.66667 0)
(28.3951 1.33333 0)
(27.963 1 0)
(27.5309 0.666667 0)
(27.0988 0.333333 0)
(35.5556 3.18519 0)
(35.5556 3.7037 0)
(35.5556 4.22222 0)
(35.5556 4.74074 0)
(35.5556 5.25926 0)
(35.5556 5.77778 0)
(35.5556 6.2963 0)
(35.5556 6.81481 0)
(36.1111 2.92593 0)
(36.1111 3.51852 0)
(36.1111 4.11111 0)
(36.1111 4.7037 0)
(36.1111 5.2963 0)
(36.1111 5.88889 0)
(36.1111 6.48148 0)
(36.1111 7.07407 0)
(36.6667 2.66667 0)
(36.6667 3.33333 0)
(36.6667 4 0)
(36.6667 4.66667 0)
(36.6667 5.33333 0)
(36.6667 6 0)
(36.6667 6.66667 0)
(36.6667 7.33333 0)
(37.2222 2.40741 0)
(37.2222 3.14815 0)
(37.2222 3.88889 0)
(37.2222 4.62963 0)
(37.2222 5.37037 0)
(37.2222 6.11111 0)
(37.2222 6.85185 0)
(37.2222 7.59259 0)
(37.7778 2.14815 0)
(37.7778 2.96296 0)
(37.7778 3.77778 0)
(37.7778 4.59259 0)
(37.7778 5.40741 0)
(37.7778 6.22222 0)
(37.7778 7.03704 0)
(37.7778 7.85185 0)
(38.3333 1.88889 0)
(38.3333 2.77778 0)
(38.3333 3.66667 0)
(38.3333 4.55556 0)
(38.3333 5.44444 0)
(38.3333 6.33333 0)
(38.3333 7.22222 0)
(38.3333 8.11111 0)
(38.8889 1.62963 0)
(38.8889 2.59259 0)
(38.8889 3.55556 0)
(38.8889 4.51852 0)
(38.8889 5.48148 0)
(38.8889 6.44444 0)
(38.8889 7.40741 0)
(38.8889 8.37037 0)
(39.4444 1.37037 0)
(39.4444 2.40741 0)
(39.4444 3.44444 0)
(39.4444 4.48148 0)
(39.4444 5.51852 0)
(39.4444 6.55556 0)
(39.4444 7.59259 0)
(39.4444 8.62963 0)
(24.6667 -2.09877 0)
(24.3333 -2.53086 0)
(24 -2.96296 0)
(23.6667 -3.39506 0)
(23.3333 -3.82716 0)
(23 -4.25926 0)
(22.6667 -4.69136 0)
(22.3333 -5.12346 0)
(24.6667 -3.64198 0)
(24.3333 -3.95062 0)
(24 -4.25926 0)
(23.6667 -4.5679 0)
(23.3333 -4.87654 0)
(23 -5.18519 0)
(22.6667 -5.49383 0)
(22.3333 -5.80247 0)
(24.6667 -5.18519 0)
(24.3333 -5.37037 0)
(24 -5.55556 0)
(23.6667 -5.74074 0)
(23.3333 -5.92593 0)
(23 -6.11111 0)
(22.6667 -6.2963 0)
(22.3333 -6.48148 0)
(24.6667 -6.7284 0)
(24.3333 -6.79012 0)
(24 -6.85185 0)
(23.6667 -6.91358 0)
(23.3333 -6.97531 0)
(23 -7.03704 0)
(22.6667 -7.09877 0)
(22.3333 -7.16049 0)
(24.6667 -8.2716 0)
(24.3333 -8.20988 0)
(24 -8.14815 0)
(23.6667 -8.08642 0)
(23.3333 -8.02469 0)
(23 -7.96296 0)
(22.6667 -7.90123 0)
(22.3333 -7.83951 0)
(24.6667 -9.81481 0)
(24.3333 -9.62963 0)
(24 -9.44444 0)
(23.6667 -9.25926 0)
(23.3333 -9.07407 0)
(23 -8.88889 0)
(22.6667 -8.7037 0)
(22.3333 -8.51852 0)
(24.6667 -11.358 0)
(24.3333 -11.0494 0)
(24 -10.7407 0)
(23.6667 -10.4321 0)
(23.3333 -10.1235 0)
(23 -9.81481 0)
(22.6667 -9.50617 0)
(22.3333 -9.19753 0)
(24.6667 -12.9012 0)
(24.3333 -12.4691 0)
(24 -12.037 0)
(23.6667 -11.6049 0)
(23.3333 -11.1728 0)
(23 -10.7407 0)
(22.6667 -10.3086 0)
(22.3333 -9.87654 0)
(21.8148 -4.44444 0)
(21.2963 -4.44444 0)
(20.7778 -4.44444 0)
(20.2593 -4.44444 0)
(19.7407 -4.44444 0)
(19.2222 -4.44444 0)
(18.7037 -4.44444 0)
(18.1852 -4.44444 0)
(22.0741 -3.88889 0)
(21.4815 -3.88889 0)
(20.8889 -3.88889 0)
(20.2963 -3.88889 0)
(19.7037 -3.88889 0)
(19.1111 -3.88889 0)
(18.5185 -3.88889 0)
(17.9259 -3.88889 0)
(22.3333 -3.33333 0)
(21.6667 -3.33333 0)
(21 -3.33333 0)
(20.3333 -3.33333 0)
(19.6667 -3.33333 0)
(19 -3.33333 0)
(18.3333 -3.33333 0)
(17.6667 -3.33333 0)
(22.5926 -2.77778 0)
(21.8519 -2.77778 0)
(21.1111 -2.77778 0)
(20.3704 -2.77778 0)
(19.6296 -2.77778 0)
(18.8889 -2.77778 0)
(18.1481 -2.77778 0)
(17.4074 -2.77778 0)
(22.8519 -2.22222 0)
(22.037 -2.22222 0)
(21.2222 -2.22222 0)
(20.4074 -2.22222 0)
(19.5926 -2.22222 0)
(18.7778 -2.22222 0)
(17.963 -2.22222 0)
(17.1481 -2.22222 0)
(23.1111 -1.66667 0)
(22.2222 -1.66667 0)
(21.3333 -1.66667 0)
(20.4444 -1.66667 0)
(19.5556 -1.66667 0)
(18.6667 -1.66667 0)
(17.7778 -1.66667 0)
(16.8889 -1.66667 0)
(23.3704 -1.11111 0)
(22.4074 -1.11111 0)
(21.4444 -1.11111 0)
(20.4815 -1.11111 0)
(19.5185 -1.11111 0)
(18.5556 -1.11111 0)
(17.5926 -1.11111 0)
(16.6296 -1.11111 0)
(23.6296 -0.555556 0)
(22.5926 -0.555556 0)
(21.5556 -0.555556 0)
(20.5185 -0.555556 0)
(19.4815 -0.555556 0)
(18.4444 -0.555556 0)
(17.4074 -0.555556 0)
(16.3704 -0.555556 0)
(15.3333 -2.09877 0)
(15.3333 -3.64198 0)
(15.3333 -5.18519 0)
(15.3333 -6.7284 0)
(15.3333 -8.2716 0)
(15.3333 -9.81481 0)
(15.3333 -11.358 0)
(15.3333 -12.9012 0)
(15.6667 -2.53086 0)
(15.6667 -3.95062 0)
(15.6667 -5.37037 0)
(15.6667 -6.79012 0)
(15.6667 -8.20988 0)
(15.6667 -9.62963 0)
(15.6667 -11.0494 0)
(15.6667 -12.4691 0)
(16 -2.96296 0)
(16 -4.25926 0)
(16 -5.55556 0)
(16 -6.85185 0)
(16 -8.14815 0)
(16 -9.44444 0)
(16 -10.7407 0)
(16 -12.037 0)
(16.3333 -3.39506 0)
(16.3333 -4.5679 0)
(16.3333 -5.74074 0)
(16.3333 -6.91358 0)
(16.3333 -8.08642 0)
(16.3333 -9.25926 0)
(16.3333 -10.4321 0)
(16.3333 -11.6049 0)
(16.6667 -3.82716 0)
(16.6667 -4.87654 0)
(16.6667 -5.92593 0)
(16.6667 -6.97531 0)
(16.6667 -8.02469 0)
(16.6667 -9.07407 0)
(16.6667 -10.1235 0)
(16.6667 -11.1728 0)
(17 -4.25926 0)
(17 -5.18519 0)
(17 -6.11111 0)
(17 -7.03704 0)
(17 -7.96296 0)
(17 -8.88889 0)
(17 -9.81481 0)
(17 -10.7407 0)
(17.3333 -4.69136 0)
(17.3333 -5.49383 0)
(17.3333 -6.2963 0)
(17.3333 -7.09877 0)
(17.3333 -7.90123 0)
(17.3333 -8.7037 0)
(17.3333 -9.50617 0)
(17.3333 -10.3086 0)
(17.6667 -5.12346 0)
(17.6667 -5.80247 0)
(17.6667 -6.48148 0)
(17.6667 -7.16049 0)
(17.6667 -7.83951 0)
(17.6667 -8.51852 0)
(17.6667 -9.19753 0)
(17.6667 -9.87654 0)
(23.6296 -14.4444 0)
(23.3704 -13.8889 0)
(23.1111 -13.3333 0)
(22.8519 -12.7778 0)
(22.5926 -12.2222 0)
(22.3333 -11.6667 0)
(22.0741 -11.1111 0)
(21.8148 -10.5556 0)
(22.5926 -14.4444 0)
(22.4074 -13.8889 0)
(22.2222 -13.3333 0)
(22.037 -12.7778 0)
(21.8519 -12.2222 0)
(21.6667 -11.6667 0)
(21.4815 -11.1111 0)
(21.2963 -10.5556 0)
(21.5556 -14.4444 0)
(21.4444 -13.8889 0)
(21.3333 -13.3333 0)
(21.2222 -12.7778 0)
(21.1111 -12.2222 0)
(21 -11.6667 0)
(20.8889 -11.1111 0)
(20.7778 -10.5556 0)
(20.5185 -14.4444 0)
(20.4815 -13.8889 0)
(20.4444 -13.3333 0)
(20.4074 -12.7778 0)
(20.3704 -12.2222 0)
(20.3333 -11.6667 0)
(20.2963 -11.1111 0)
(20.2593 -10.5556 0)
(19.4815 -14.4444 0)
(19.5185 -13.8889 0)
(19.5556 -13.3333 0)
(19.5926 -12.7778 0)
(19.6296 -12.2222 0)
(19.6667 -11.6667 0)
(19.7037 -11.1111 0)
(19.7407 -10.5556 0)
(18.4444 -14.4444 0)
(18.5556 -13.8889 0)
(18.6667 -13.3333 0)
(18.7778 -12.7778 0)
(18.8889 -12.2222 0)
(19 -11.6667 0)
(19.1111 -11.1111 0)
(19.2222 -10.5556 0)
(17.4074 -14.4444 0)
(17.5926 -13.8889 0)
(17.7778 -13.3333 0)
(17.963 -12.7778 0)
(18.1481 -12.2222 0)
(18.3333 -11.6667 0)
(18.5185 -11.1111 0)
(18.7037 -10.5556 0)
(16.3704 -14.4444 0)
(16.6296 -13.8889 0)
(16.8889 -13.3333 0)
(17.1481 -12.7778 0)
(17.4074 -12.2222 0)
(17.6667 -11.6667 0)
(17.9259 -11.1111 0)
(18.1852 -10.5556 0)
(22.2347 1.8701 0)
(22.4415 1.63634 0)
(22.6482 1.40257 0)
(22.855 1.16881 0)
(23.0618 0.935049 0)
(23.2686 0.701287 0)
(23.4753 0.467524 0)
(23.6821 0.233762 0)
(21.6368 1.59619 0)
(21.7794 1.39667 0)
(21.922 1.19715 0)
(22.0647 0.997621 0)
(22.2073 0.798097 0)
(22.3499 0.598573 0)
(22.4925 0.399048 0)
(22.6352 0.199524 0)
(20.9986 1.40883 0)
(21.0821 1.23273 0)
(21.1656 1.05662 0)
(21.2491 0.88052 0)
(21.3326 0.704416 0)
(21.4161 0.528312 0)
(21.4996 0.352208 0)
(21.5832 0.176104 0)
(20.3356 1.31371 0)
(20.3631 1.14949 0)
(20.3906 0.98528 0)
(20.4181 0.821067 0)
(20.4456 0.656853 0)
(20.4731 0.49264 0)
(20.5006 0.328427 0)
(20.5281 0.164213 0)
(19.6644 1.31371 0)
(19.6369 1.14949 0)
(19.6094 0.98528 0)
(19.5819 0.821067 0)
(19.5544 0.656853 0)
(19.5269 0.49264 0)
(19.4994 0.328427 0)
(19.4719 0.164213 0)
(19.0014 1.40883 0)
(18.9179 1.23273 0)
(18.8344 1.05662 0)
(18.7509 0.88052 0)
(18.6674 0.704416 0)
(18.5839 0.528312 0)
(18.5004 0.352208 0)
(18.4168 0.176104 0)
(18.3632 1.59619 0)
(18.2206 1.39667 0)
(18.078 1.19715 0)
(17.9353 0.997621 0)
(17.7927 0.798097 0)
(17.6501 0.598573 0)
(17.5075 0.399048 0)
(17.3648 0.199524 0)
(17.7653 1.8701 0)
(17.5585 1.63634 0)
(17.3518 1.40257 0)
(17.145 1.16881 0)
(16.9382 0.935049 0)
(16.7314 0.701287 0)
(16.5247 0.467524 0)
(16.3179 0.233762 0)
(23.1299 7.23468 0)
(23.3637 7.44145 0)
(23.5974 7.64823 0)
(23.8312 7.85501 0)
(24.065 8.06178 0)
(24.2987 8.26856 0)
(24.5325 8.47534 0)
(24.7662 8.68211 0)
(23.4038 6.6368 0)
(23.6033 6.77942 0)
(23.8029 6.92205 0)
(24.0024 7.06467 0)
(24.2019 7.20729 0)
(24.4014 7.34991 0)
(24.601 7.49253 0)
(24.8005 7.63516 0)
(23.5912 5.99857 0)
(23.7673 6.08209 0)
(23.9434 6.1656 0)
(24.1195 6.24911 0)
(24.2956 6.33262 0)
(24.4717 6.41613 0)
(24.6478 6.49964 0)
(24.8239 6.58316 0)
(23.6863 5.33563 0)
(23.8505 5.36312 0)
(24.0147 5.39061 0)
(24.1789 5.4181 0)
(24.3431 5.44559 0)
(24.5074 5.47308 0)
(24.6716 5.50057 0)
(24.8358 5.52807 0)
(23.6863 4.66437 0)
(23.8505 4.63688 0)
(24.0147 4.60939 0)
(24.1789 4.5819 0)
(24.3431 4.55441 0)
(24.5074 4.52692 0)
(24.6716 4.49943 0)
(24.8358 4.47193 0)
(23.5912 4.00143 0)
(23.7673 3.91791 0)
(23.9434 3.8344 0)
(24.1195 3.75089 0)
(24.2956 3.66738 0)
(24.4717 3.58387 0)
(24.6478 3.50036 0)
(24.8239 3.41684 0)
(23.4038 3.3632 0)
(23.6033 3.22058 0)
(23.8029 3.07795 0)
(24.0024 2.93533 0)
(24.2019 2.79271 0)
(24.4014 2.65009 0)
(24.601 2.50747 0)
(24.8005 2.36484 0)
(23.1299 2.76532 0)
(23.3637 2.55855 0)
(23.5974 2.35177 0)
(23.8312 2.14499 0)
(24.065 1.93822 0)
(24.2987 1.73144 0)
(24.5325 1.52466 0)
(24.7662 1.31789 0)
(23.6821 9.76624 0)
(23.4753 9.53248 0)
(23.2686 9.29871 0)
(23.0618 9.06495 0)
(22.855 8.83119 0)
(22.6482 8.59743 0)
(22.4415 8.36366 0)
(22.2347 8.1299 0)
(22.6352 9.80048 0)
(22.4925 9.60095 0)
(22.3499 9.40143 0)
(22.2073 9.2019 0)
(22.0647 9.00238 0)
(21.922 8.80285 0)
(21.7794 8.60333 0)
(21.6368 8.40381 0)
(21.5832 9.8239 0)
(21.4996 9.64779 0)
(21.4161 9.47169 0)
(21.3326 9.29558 0)
(21.2491 9.11948 0)
(21.1656 8.94338 0)
(21.0821 8.76727 0)
(20.9986 8.59117 0)
(20.5281 9.83579 0)
(20.5006 9.67157 0)
(20.4731 9.50736 0)
(20.4456 9.34315 0)
(20.4181 9.17893 0)
(20.3906 9.01472 0)
(20.3631 8.85051 0)
(20.3356 8.68629 0)
(19.4719 9.83579 0)
(19.4994 9.67157 0)
(19.5269 9.50736 0)
(19.5544 9.34315 0)
(19.5819 9.17893 0)
(19.6094 9.01472 0)
(19.6369 8.85051 0)
(19.6644 8.68629 0)
(18.4168 9.8239 0)
(18.5004 9.64779 0)
(18.5839 9.47169 0)
(18.6674 9.29558 0)
(18.7509 9.11948 0)
(18.8344 8.94338 0)
(18.9179 8.76727 0)
(19.0014 8.59117 0)
(17.3648 9.80048 0)
(17.5075 9.60095 0)
(17.6501 9.40143 0)
(17.7927 9.2019 0)
(17.9353 9.00238 0)
(18.078 8.80285 0)
(18.2206 8.60333 0)
(18.3632 8.40381 0)
(16.3179 9.76624 0)
(16.5247 9.53248 0)
(16.7314 9.29871 0)
(16.9382 9.06495 0)
(17.145 8.83119 0)
(17.3518 8.59743 0)
(17.5585 8.36366 0)
(17.7653 8.1299 0)
(15.2338 8.68211 0)
(15.1995 7.63516 0)
(15.1761 6.58316 0)
(15.1642 5.52807 0)
(15.1642 4.47193 0)
(15.1761 3.41684 0)
(15.1995 2.36484 0)
(15.2338 1.31789 0)
(15.4675 8.47534 0)
(15.399 7.49253 0)
(15.3522 6.49964 0)
(15.3284 5.50057 0)
(15.3284 4.49943 0)
(15.3522 3.50036 0)
(15.399 2.50747 0)
(15.4675 1.52466 0)
(15.7013 8.26856 0)
(15.5986 7.34991 0)
(15.5283 6.41613 0)
(15.4926 5.47308 0)
(15.4926 4.52692 0)
(15.5283 3.58387 0)
(15.5986 2.65009 0)
(15.7013 1.73144 0)
(15.935 8.06178 0)
(15.7981 7.20729 0)
(15.7044 6.33262 0)
(15.6569 5.44559 0)
(15.6569 4.55441 0)
(15.7044 3.66738 0)
(15.7981 2.79271 0)
(15.935 1.93822 0)
(16.1688 7.85501 0)
(15.9976 7.06467 0)
(15.8805 6.24911 0)
(15.8211 5.4181 0)
(15.8211 4.5819 0)
(15.8805 3.75089 0)
(15.9976 2.93533 0)
(16.1688 2.14499 0)
(16.4026 7.64823 0)
(16.1971 6.92205 0)
(16.0566 6.1656 0)
(15.9853 5.39061 0)
(15.9853 4.60939 0)
(16.0566 3.8344 0)
(16.1971 3.07795 0)
(16.4026 2.35177 0)
(16.6363 7.44145 0)
(16.3967 6.77942 0)
(16.2327 6.08209 0)
(16.1495 5.36312 0)
(16.1495 4.63688 0)
(16.2327 3.91791 0)
(16.3967 3.22058 0)
(16.6363 2.55855 0)
(16.8701 7.23468 0)
(16.5962 6.6368 0)
(16.4088 5.99857 0)
(16.3137 5.33563 0)
(16.3137 4.66437 0)
(16.4088 4.00143 0)
(16.5962 3.3632 0)
(16.8701 2.76532 0)
(4.44444 6.81481 20)
(4.44444 6.2963 20)
(4.44444 5.77778 20)
(4.44444 5.25926 20)
(4.44444 4.74074 20)
(4.44444 4.22222 20)
(4.44444 3.7037 20)
(4.44444 3.18519 20)
(3.88889 7.07407 20)
(3.88889 6.48148 20)
(3.88889 5.88889 20)
(3.88889 5.2963 20)
(3.88889 4.7037 20)
(3.88889 4.11111 20)
(3.88889 3.51852 20)
(3.88889 2.92593 20)
(3.33333 7.33333 20)
(3.33333 6.66667 20)
(3.33333 6 20)
(3.33333 5.33333 20)
(3.33333 4.66667 20)
(3.33333 4 20)
(3.33333 3.33333 20)
(3.33333 2.66667 20)
(2.77778 7.59259 20)
(2.77778 6.85185 20)
(2.77778 6.11111 20)
(2.77778 5.37037 20)
(2.77778 4.62963 20)
(2.77778 3.88889 20)
(2.77778 3.14815 20)
(2.77778 2.40741 20)
(2.22222 7.85185 20)
(2.22222 7.03704 20)
(2.22222 6.22222 20)
(2.22222 5.40741 20)
(2.22222 4.59259 20)
(2.22222 3.77778 20)
(2.22222 2.96296 20)
(2.22222 2.14815 20)
(1.66667 8.11111 20)
(1.66667 7.22222 20)
(1.66667 6.33333 20)
(1.66667 5.44444 20)
(1.66667 4.55556 20)
(1.66667 3.66667 20)
(1.66667 2.77778 20)
(1.66667 1.88889 20)
(1.11111 8.37037 20)
(1.11111 7.40741 20)
(1.11111 6.44444 20)
(1.11111 5.48148 20)
(1.11111 4.51852 20)
(1.11111 3.55556 20)
(1.11111 2.59259 20)
(1.11111 1.62963 20)
(0.555556 8.62963 20)
(0.555556 7.59259 20)
(0.555556 6.55556 20)
(0.555556 5.51852 20)
(0.555556 4.48148 20)
(0.555556 3.44444 20)
(0.555556 2.40741 20)
(0.555556 1.37037 20)
(2.09877 9.66667 20)
(2.53086 9.33333 20)
(2.96296 9 20)
(3.39506 8.66667 20)
(3.82716 8.33333 20)
(4.25926 8 20)
(4.69136 7.66667 20)
(5.12346 7.33333 20)
(3.64198 9.66667 20)
(3.95062 9.33333 20)
(4.25926 9 20)
(4.5679 8.66667 20)
(4.87654 8.33333 20)
(5.18519 8 20)
(5.49383 7.66667 20)
(5.80247 7.33333 20)
(5.18519 9.66667 20)
(5.37037 9.33333 20)
(5.55556 9 20)
(5.74074 8.66667 20)
(5.92593 8.33333 20)
(6.11111 8 20)
(6.2963 7.66667 20)
(6.48148 7.33333 20)
(6.7284 9.66667 20)
(6.79012 9.33333 20)
(6.85185 9 20)
(6.91358 8.66667 20)
(6.97531 8.33333 20)
(7.03704 8 20)
(7.09877 7.66667 20)
(7.16049 7.33333 20)
(8.2716 9.66667 20)
(8.20988 9.33333 20)
(8.14815 9 20)
(8.08642 8.66667 20)
(8.02469 8.33333 20)
(7.96296 8 20)
(7.90123 7.66667 20)
(7.83951 7.33333 20)
(9.81481 9.66667 20)
(9.62963 9.33333 20)
(9.44444 9 20)
(9.25926 8.66667 20)
(9.07407 8.33333 20)
(8.88889 8 20)
(8.7037 7.66667 20)
(8.51852 7.33333 20)
(11.358 9.66667 20)
(11.0494 9.33333 20)
(10.7407 9 20)
(10.4321 8.66667 20)
(10.1235 8.33333 20)
(9.81481 8 20)
(9.50617 7.66667 20)
(9.19753 7.33333 20)
(12.9012 9.66667 20)
(12.4691 9.33333 20)
(12.037 9 20)
(11.6049 8.66667 20)
(11.1728 8.33333 20)
(10.7407 8 20)
(10.3086 7.66667 20)
(9.87654 7.33333 20)
(10.5556 6.81481 20)
(10.5556 6.2963 20)
(10.5556 5.77778 20)
(10.5556 5.25926 20)
(10.5556 4.74074 20)
(10.5556 4.22222 20)
(10.5556 3.7037 20)
(10.5556 3.18519 20)
(11.1111 7.07407 20)
(11.1111 6.48148 20)
(11.1111 5.88889 20)
(11.1111 5.2963 20)
(11.1111 4.7037 20)
(11.1111 4.11111 20)
(11.1111 3.51852 20)
(11.1111 2.92593 20)
(11.6667 7.33333 20)
(11.6667 6.66667 20)
(11.6667 6 20)
(11.6667 5.33333 20)
(11.6667 4.66667 20)
(11.6667 4 20)
(11.6667 3.33333 20)
(11.6667 2.66667 20)
(12.2222 7.59259 20)
(12.2222 6.85185 20)
(12.2222 6.11111 20)
(12.2222 5.37037 20)
(12.2222 4.62963 20)
(12.2222 3.88889 20)
(12.2222 3.14815 20)
(12.2222 2.40741 20)
(12.7778 7.85185 20)
(12.7778 7.03704 20)
(12.7778 6.22222 20)
(12.7778 5.40741 20)
(12.7778 4.59259 20)
(12.7778 3.77778 20)
(12.7778 2.96296 20)
(12.7778 2.14815 20)
(13.3333 8.11111 20)
(13.3333 7.22222 20)
(13.3333 6.33333 20)
(13.3333 5.44444 20)
(13.3333 4.55556 20)
(13.3333 3.66667 20)
(13.3333 2.77778 20)
(13.3333 1.88889 20)
(13.8889 8.37037 20)
(13.8889 7.40741 20)
(13.8889 6.44444 20)
(13.8889 5.48148 20)
(13.8889 4.51852 20)
(13.8889 3.55556 20)
(13.8889 2.59259 20)
(13.8889 1.62963 20)
(14.4444 8.62963 20)
(14.4444 7.59259 20)
(14.4444 6.55556 20)
(14.4444 5.51852 20)
(14.4444 4.48148 20)
(14.4444 3.44444 20)
(14.4444 2.40741 20)
(14.4444 1.37037 20)
(12.9012 0.333333 20)
(12.4691 0.666667 20)
(12.037 1 20)
(11.6049 1.33333 20)
(11.1728 1.66667 20)
(10.7407 2 20)
(10.3086 2.33333 20)
(9.87654 2.66667 20)
(11.358 0.333333 20)
(11.0494 0.666667 20)
(10.7407 1 20)
(10.4321 1.33333 20)
(10.1235 1.66667 20)
(9.81481 2 20)
(9.50617 2.33333 20)
(9.19753 2.66667 20)
(9.81481 0.333333 20)
(9.62963 0.666667 20)
(9.44444 1 20)
(9.25926 1.33333 20)
(9.07407 1.66667 20)
(8.88889 2 20)
(8.7037 2.33333 20)
(8.51852 2.66667 20)
(8.2716 0.333333 20)
(8.20988 0.666667 20)
(8.14815 1 20)
(8.08642 1.33333 20)
(8.02469 1.66667 20)
(7.96296 2 20)
(7.90123 2.33333 20)
(7.83951 2.66667 20)
(6.7284 0.333333 20)
(6.79012 0.666667 20)
(6.85185 1 20)
(6.91358 1.33333 20)
(6.97531 1.66667 20)
(7.03704 2 20)
(7.09877 2.33333 20)
(7.16049 2.66667 20)
(5.18519 0.333333 20)
(5.37037 0.666667 20)
(5.55556 1 20)
(5.74074 1.33333 20)
(5.92593 1.66667 20)
(6.11111 2 20)
(6.2963 2.33333 20)
(6.48148 2.66667 20)
(3.64198 0.333333 20)
(3.95062 0.666667 20)
(4.25926 1 20)
(4.5679 1.33333 20)
(4.87654 1.66667 20)
(5.18519 2 20)
(5.49383 2.33333 20)
(5.80247 2.66667 20)
(2.09877 0.333333 20)
(2.53086 0.666667 20)
(2.96296 1 20)
(3.39506 1.33333 20)
(3.82716 1.66667 20)
(4.25926 2 20)
(4.69136 2.33333 20)
(5.12346 2.66667 20)
(21.8148 14.4444 20)
(21.2963 14.4444 20)
(20.7778 14.4444 20)
(20.2593 14.4444 20)
(19.7407 14.4444 20)
(19.2222 14.4444 20)
(18.7037 14.4444 20)
(18.1852 14.4444 20)
(22.0741 13.8889 20)
(21.4815 13.8889 20)
(20.8889 13.8889 20)
(20.2963 13.8889 20)
(19.7037 13.8889 20)
(19.1111 13.8889 20)
(18.5185 13.8889 20)
(17.9259 13.8889 20)
(22.3333 13.3333 20)
(21.6667 13.3333 20)
(21 13.3333 20)
(20.3333 13.3333 20)
(19.6667 13.3333 20)
(19 13.3333 20)
(18.3333 13.3333 20)
(17.6667 13.3333 20)
(22.5926 12.7778 20)
(21.8519 12.7778 20)
(21.1111 12.7778 20)
(20.3704 12.7778 20)
(19.6296 12.7778 20)
(18.8889 12.7778 20)
(18.1481 12.7778 20)
(17.4074 12.7778 20)
(22.8519 12.2222 20)
(22.037 12.2222 20)
(21.2222 12.2222 20)
(20.4074 12.2222 20)
(19.5926 12.2222 20)
(18.7778 12.2222 20)
(17.963 12.2222 20)
(17.1481 12.2222 20)
(23.1111 11.6667 20)
(22.2222 11.6667 20)
(21.3333 11.6667 20)
(20.4444 11.6667 20)
(19.5556 11.6667 20)
(18.6667 11.6667 20)
(17.7778 11.6667 20)
(16.8889 11.6667 20)
(23.3704 11.1111 20)
(22.4074 11.1111 20)
(21.4444 11.1111 20)
(20.4815 11.1111 20)
(19.5185 11.1111 20)
(18.5556 11.1111 20)
(17.5926 11.1111 20)
(16.6296 11.1111 20)
(23.6296 10.5556 20)
(22.5926 10.5556 20)
(21.5556 10.5556 20)
(20.5185 10.5556 20)
(19.4815 10.5556 20)
(18.4444 10.5556 20)
(17.4074 10.5556 20)
(16.3704 10.5556 20)
(15.3333 12.0988 20)
(15.6667 12.5309 20)
(16 12.963 20)
(16.3333 13.3951 20)
(16.6667 13.8272 20)
(17 14.2593 20)
(17.3333 14.6914 20)
(17.6667 15.1235 20)
(15.3333 13.642 20)
(15.6667 13.9506 20)
(16 14.2593 20)
(16.3333 14.5679 20)
(16.6667 14.8765 20)
(17 15.1852 20)
(17.3333 15.4938 20)
(17.6667 15.8025 20)
(15.3333 15.1852 20)
(15.6667 15.3704 20)
(16 15.5556 20)
(16.3333 15.7407 20)
(16.6667 15.9259 20)
(17 16.1111 20)
(17.3333 16.2963 20)
(17.6667 16.4815 20)
(15.3333 16.7284 20)
(15.6667 16.7901 20)
(16 16.8519 20)
(16.3333 16.9136 20)
(16.6667 16.9753 20)
(17 17.037 20)
(17.3333 17.0988 20)
(17.6667 17.1605 20)
(15.3333 18.2716 20)
(15.6667 18.2099 20)
(16 18.1481 20)
(16.3333 18.0864 20)
(16.6667 18.0247 20)
(17 17.963 20)
(17.3333 17.9012 20)
(17.6667 17.8395 20)
(15.3333 19.8148 20)
(15.6667 19.6296 20)
(16 19.4444 20)
(16.3333 19.2593 20)
(16.6667 19.0741 20)
(17 18.8889 20)
(17.3333 18.7037 20)
(17.6667 18.5185 20)
(15.3333 21.358 20)
(15.6667 21.0494 20)
(16 20.7407 20)
(16.3333 20.4321 20)
(16.6667 20.1235 20)
(17 19.8148 20)
(17.3333 19.5062 20)
(17.6667 19.1975 20)
(15.3333 22.9012 20)
(15.6667 22.4691 20)
(16 22.037 20)
(16.3333 21.6049 20)
(16.6667 21.1728 20)
(17 20.7407 20)
(17.3333 20.3086 20)
(17.6667 19.8765 20)
(22.3333 19.8765 20)
(22.3333 19.1975 20)
(22.3333 18.5185 20)
(22.3333 17.8395 20)
(22.3333 17.1605 20)
(22.3333 16.4815 20)
(22.3333 15.8025 20)
(22.3333 15.1235 20)
(22.6667 20.3086 20)
(22.6667 19.5062 20)
(22.6667 18.7037 20)
(22.6667 17.9012 20)
(22.6667 17.0988 20)
(22.6667 16.2963 20)
(22.6667 15.4938 20)
(22.6667 14.6914 20)
(23 20.7407 20)
(23 19.8148 20)
(23 18.8889 20)
(23 17.963 20)
(23 17.037 20)
(23 16.1111 20)
(23 15.1852 20)
(23 14.2593 20)
(23.3333 21.1728 20)
(23.3333 20.1235 20)
(23.3333 19.0741 20)
(23.3333 18.0247 20)
(23.3333 16.9753 20)
(23.3333 15.9259 20)
(23.3333 14.8765 20)
(23.3333 13.8272 20)
(23.6667 21.6049 20)
(23.6667 20.4321 20)
(23.6667 19.2593 20)
(23.6667 18.0864 20)
(23.6667 16.9136 20)
(23.6667 15.7407 20)
(23.6667 14.5679 20)
(23.6667 13.3951 20)
(24 22.037 20)
(24 20.7407 20)
(24 19.4444 20)
(24 18.1481 20)
(24 16.8519 20)
(24 15.5556 20)
(24 14.2593 20)
(24 12.963 20)
(24.3333 22.4691 20)
(24.3333 21.0494 20)
(24.3333 19.6296 20)
(24.3333 18.2099 20)
(24.3333 16.7901 20)
(24.3333 15.3704 20)
(24.3333 13.9506 20)
(24.3333 12.5309 20)
(24.6667 22.9012 20)
(24.6667 21.358 20)
(24.6667 19.8148 20)
(24.6667 18.2716 20)
(24.6667 16.7284 20)
(24.6667 15.1852 20)
(24.6667 13.642 20)
(24.6667 12.0988 20)
(18.1852 20.5556 20)
(18.7037 20.5556 20)
(19.2222 20.5556 20)
(19.7407 20.5556 20)
(20.2593 20.5556 20)
(20.7778 20.5556 20)
(21.2963 20.5556 20)
(21.8148 20.5556 20)
(17.9259 21.1111 20)
(18.5185 21.1111 20)
(19.1111 21.1111 20)
(19.7037 21.1111 20)
(20.2963 21.1111 20)
(20.8889 21.1111 20)
(21.4815 21.1111 20)
(22.0741 21.1111 20)
(17.6667 21.6667 20)
(18.3333 21.6667 20)
(19 21.6667 20)
(19.6667 21.6667 20)
(20.3333 21.6667 20)
(21 21.6667 20)
(21.6667 21.6667 20)
(22.3333 21.6667 20)
(17.4074 22.2222 20)
(18.1481 22.2222 20)
(18.8889 22.2222 20)
(19.6296 22.2222 20)
(20.3704 22.2222 20)
(21.1111 22.2222 20)
(21.8519 22.2222 20)
(22.5926 22.2222 20)
(17.1481 22.7778 20)
(17.963 22.7778 20)
(18.7778 22.7778 20)
(19.5926 22.7778 20)
(20.4074 22.7778 20)
(21.2222 22.7778 20)
(22.037 22.7778 20)
(22.8519 22.7778 20)
(16.8889 23.3333 20)
(17.7778 23.3333 20)
(18.6667 23.3333 20)
(19.5556 23.3333 20)
(20.4444 23.3333 20)
(21.3333 23.3333 20)
(22.2222 23.3333 20)
(23.1111 23.3333 20)
(16.6296 23.8889 20)
(17.5926 23.8889 20)
(18.5556 23.8889 20)
(19.5185 23.8889 20)
(20.4815 23.8889 20)
(21.4444 23.8889 20)
(22.4074 23.8889 20)
(23.3704 23.8889 20)
(16.3704 24.4444 20)
(17.4074 24.4444 20)
(18.4444 24.4444 20)
(19.4815 24.4444 20)
(20.5185 24.4444 20)
(21.5556 24.4444 20)
(22.5926 24.4444 20)
(23.6296 24.4444 20)
(23.6821 9.76624 20)
(23.4753 9.53248 20)
(23.2686 9.29871 20)
(23.0618 9.06495 20)
(22.855 8.83119 20)
(22.6482 8.59743 20)
(22.4415 8.36366 20)
(22.2347 8.1299 20)
(22.6352 9.80048 20)
(22.4925 9.60095 20)
(22.3499 9.40143 20)
(22.2073 9.2019 20)
(22.0647 9.00238 20)
(21.922 8.80285 20)
(21.7794 8.60333 20)
(21.6368 8.40381 20)
(21.5832 9.8239 20)
(21.4996 9.64779 20)
(21.4161 9.47169 20)
(21.3326 9.29558 20)
(21.2491 9.11948 20)
(21.1656 8.94338 20)
(21.0821 8.76727 20)
(20.9986 8.59117 20)
(20.5281 9.83579 20)
(20.5006 9.67157 20)
(20.4731 9.50736 20)
(20.4456 9.34315 20)
(20.4181 9.17893 20)
(20.3906 9.01472 20)
(20.3631 8.85051 20)
(20.3356 8.68629 20)
(19.4719 9.83579 20)
(19.4994 9.67157 20)
(19.5269 9.50736 20)
(19.5544 9.34315 20)
(19.5819 9.17893 20)
(19.6094 9.01472 20)
(19.6369 8.85051 20)
(19.6644 8.68629 20)
(18.4168 9.8239 20)
(18.5004 9.64779 20)
(18.5839 9.47169 20)
(18.6674 9.29558 20)
(18.7509 9.11948 20)
(18.8344 8.94338 20)
(18.9179 8.76727 20)
(19.0014 8.59117 20)
(17.3648 9.80048 20)
(17.5075 9.60095 20)
(17.6501 9.40143 20)
(17.7927 9.2019 20)
(17.9353 9.00238 20)
(18.078 8.80285 20)
(18.2206 8.60333 20)
(18.3632 8.40381 20)
(16.3179 9.76624 20)
(16.5247 9.53248 20)
(16.7314 9.29871 20)
(16.9382 9.06495 20)
(17.145 8.83119 20)
(17.3518 8.59743 20)
(17.5585 8.36366 20)
(17.7653 8.1299 20)
(23.1299 7.23468 20)
(23.3637 7.44145 20)
(23.5974 7.64823 20)
(23.8312 7.85501 20)
(24.065 8.06178 20)
(24.2987 8.26856 20)
(24.5325 8.47534 20)
(24.7662 8.68211 20)
(23.4038 6.6368 20)
(23.6033 6.77942 20)
(23.8029 6.92205 20)
(24.0024 7.06467 20)
(24.2019 7.20729 20)
(24.4014 7.34991 20)
(24.601 7.49253 20)
(24.8005 7.63516 20)
(23.5912 5.99857 20)
(23.7673 6.08209 20)
(23.9434 6.1656 20)
(24.1195 6.24911 20)
(24.2956 6.33262 20)
(24.4717 6.41613 20)
(24.6478 6.49964 20)
(24.8239 6.58316 20)
(23.6863 5.33563 20)
(23.8505 5.36312 20)
(24.0147 5.39061 20)
(24.1789 5.4181 20)
(24.3431 5.44559 20)
(24.5074 5.47308 20)
(24.6716 5.50057 20)
(24.8358 5.52807 20)
(23.6863 4.66437 20)
(23.8505 4.63688 20)
(24.0147 4.60939 20)
(24.1789 4.5819 20)
(24.3431 4.55441 20)
(24.5074 4.52692 20)
(24.6716 4.49943 20)
(24.8358 4.47193 20)
(23.5912 4.00143 20)
(23.7673 3.91791 20)
(23.9434 3.8344 20)
(24.1195 3.75089 20)
(24.2956 3.66738 20)
(24.4717 3.58387 20)
(24.6478 3.50036 20)
(24.8239 3.41684 20)
(23.4038 3.3632 20)
(23.6033 3.22058 20)
(23.8029 3.07795 20)
(24.0024 2.93533 20)
(24.2019 2.79271 20)
(24.4014 2.65009 20)
(24.601 2.50747 20)
(24.8005 2.36484 20)
(23.1299 2.76532 20)
(23.3637 2.55855 20)
(23.5974 2.35177 20)
(23.8312 2.14499 20)
(24.065 1.93822 20)
(24.2987 1.73144 20)
(24.5325 1.52466 20)
(24.7662 1.31789 20)
(22.2347 1.8701 20)
(22.4415 1.63634 20)
(22.6482 1.40257 20)
(22.855 1.16881 20)
(23.0618 0.935049 20)
(23.2686 0.701287 20)
(23.4753 0.467524 20)
(23.6821 0.233762 20)
(21.6368 1.59619 20)
(21.7794 1.39667 20)
(21.922 1.19715 20)
(22.0647 0.997621 20)
(22.2073 0.798097 20)
(22.3499 0.598573 20)
(22.4925 0.399048 20)
(22.6352 0.199524 20)
(20.9986 1.40883 20)
(21.0821 1.23273 20)
(21.1656 1.05662 20)
(21.2491 0.88052 20)
(21.3326 0.704416 20)
(21.4161 0.528312 20)
(21.4996 0.352208 20)
(21.5832 0.176104 20)
(20.3356 1.31371 20)
(20.3631 1.14949 20)
(20.3906 0.98528 20)
(20.4181 0.821067 20)
(20.4456 0.656853 20)
(20.4731 0.49264 20)
(20.5006 0.328427 20)
(20.5281 0.164213 20)
(19.6644 1.31371 20)
(19.6369 1.14949 20)
(19.6094 0.98528 20)
(19.5819 0.821067 20)
(19.5544 0.656853 20)
(19.5269 0.49264 20)
(19.4994 0.328427 20)
(19.4719 0.164213 20)
(19.0014 1.40883 20)
(18.9179 1.23273 20)
(18.8344 1.05662 20)
(18.7509 0.88052 20)
(18.6674 0.704416 20)
(18.5839 0.528312 20)
(18.5004 0.352208 20)
(18.4168 0.176104 20)
(18.3632 1.59619 20)
(18.2206 1.39667 20)
(18.078 1.19715 20)
(17.9353 0.997621 20)
(17.7927 0.798097 20)
(17.6501 0.598573 20)
(17.5075 0.399048 20)
(17.3648 0.199524 20)
(17.7653 1.8701 20)
(17.5585 1.63634 20)
(17.3518 1.40257 20)
(17.145 1.16881 20)
(16.9382 0.935049 20)
(16.7314 0.701287 20)
(16.5247 0.467524 20)
(16.3179 0.233762 20)
(15.2338 8.68211 20)
(15.1995 7.63516 20)
(15.1761 6.58316 20)
(15.1642 5.52807 20)
(15.1642 4.47193 20)
(15.1761 3.41684 20)
(15.1995 2.36484 20)
(15.2338 1.31789 20)
(15.4675 8.47534 20)
(15.399 7.49253 20)
(15.3522 6.49964 20)
(15.3284 5.50057 20)
(15.3284 4.49943 20)
(15.3522 3.50036 20)
(15.399 2.50747 20)
(15.4675 1.52466 20)
(15.7013 8.26856 20)
(15.5986 7.34991 20)
(15.5283 6.41613 20)
(15.4926 5.47308 20)
(15.4926 4.52692 20)
(15.5283 3.58387 20)
(15.5986 2.65009 20)
(15.7013 1.73144 20)
(15.935 8.06178 20)
(15.7981 7.20729 20)
(15.7044 6.33262 20)
(15.6569 5.44559 20)
(15.6569 4.55441 20)
(15.7044 3.66738 20)
(15.7981 2.79271 20)
(15.935 1.93822 20)
(16.1688 7.85501 20)
(15.9976 7.06467 20)
(15.8805 6.24911 20)
(15.8211 5.4181 20)
(15.8211 4.5819 20)
(15.8805 3.75089 20)
(15.9976 2.93533 20)
(16.1688 2.14499 20)
(16.4026 7.64823 20)
(16.1971 6.92205 20)
(16.0566 6.1656 20)
(15.9853 5.39061 20)
(15.9853 4.60939 20)
(16.0566 3.8344 20)
(16.1971 3.07795 20)
(16.4026 2.35177 20)
(16.6363 7.44145 20)
(16.3967 6.77942 20)
(16.2327 6.08209 20)
(16.1495 5.36312 20)
(16.1495 4.63688 20)
(16.2327 3.91791 20)
(16.3967 3.22058 20)
(16.6363 2.55855 20)
(16.8701 7.23468 20)
(16.5962 6.6368 20)
(16.4088 5.99857 20)
(16.3137 5.33563 20)
(16.3137 4.66437 20)
(16.4088 4.00143 20)
(16.5962 3.3632 20)
(16.8701 2.76532 20)
(25.5556 1.37037 20)
(26.1111 1.62963 20)
(26.6667 1.88889 20)
(27.2222 2.14815 20)
(27.7778 2.40741 20)
(28.3333 2.66667 20)
(28.8889 2.92593 20)
(29.4444 3.18519 20)
(25.5556 2.40741 20)
(26.1111 2.59259 20)
(26.6667 2.77778 20)
(27.2222 2.96296 20)
(27.7778 3.14815 20)
(28.3333 3.33333 20)
(28.8889 3.51852 20)
(29.4444 3.7037 20)
(25.5556 3.44444 20)
(26.1111 3.55556 20)
(26.6667 3.66667 20)
(27.2222 3.77778 20)
(27.7778 3.88889 20)
(28.3333 4 20)
(28.8889 4.11111 20)
(29.4444 4.22222 20)
(25.5556 4.48148 20)
(26.1111 4.51852 20)
(26.6667 4.55556 20)
(27.2222 4.59259 20)
(27.7778 4.62963 20)
(28.3333 4.66667 20)
(28.8889 4.7037 20)
(29.4444 4.74074 20)
(25.5556 5.51852 20)
(26.1111 5.48148 20)
(26.6667 5.44444 20)
(27.2222 5.40741 20)
(27.7778 5.37037 20)
(28.3333 5.33333 20)
(28.8889 5.2963 20)
(29.4444 5.25926 20)
(25.5556 6.55556 20)
(26.1111 6.44444 20)
(26.6667 6.33333 20)
(27.2222 6.22222 20)
(27.7778 6.11111 20)
(28.3333 6 20)
(28.8889 5.88889 20)
(29.4444 5.77778 20)
(25.5556 7.59259 20)
(26.1111 7.40741 20)
(26.6667 7.22222 20)
(27.2222 7.03704 20)
(27.7778 6.85185 20)
(28.3333 6.66667 20)
(28.8889 6.48148 20)
(29.4444 6.2963 20)
(25.5556 8.62963 20)
(26.1111 8.37037 20)
(26.6667 8.11111 20)
(27.2222 7.85185 20)
(27.7778 7.59259 20)
(28.3333 7.33333 20)
(28.8889 7.07407 20)
(29.4444 6.81481 20)
(27.0988 9.66667 20)
(27.5309 9.33333 20)
(27.963 9 20)
(28.3951 8.66667 20)
(28.8272 8.33333 20)
(29.2593 8 20)
(29.6914 7.66667 20)
(30.1235 7.33333 20)
(28.642 9.66667 20)
(28.9506 9.33333 20)
(29.2593 9 20)
(29.5679 8.66667 20)
(29.8765 8.33333 20)
(30.1852 8 20)
(30.4938 7.66667 20)
(30.8025 7.33333 20)
(30.1852 9.66667 20)
(30.3704 9.33333 20)
(30.5556 9 20)
(30.7407 8.66667 20)
(30.9259 8.33333 20)
(31.1111 8 20)
(31.2963 7.66667 20)
(31.4815 7.33333 20)
(31.7284 9.66667 20)
(31.7901 9.33333 20)
(31.8519 9 20)
(31.9136 8.66667 20)
(31.9753 8.33333 20)
(32.037 8 20)
(32.0988 7.66667 20)
(32.1605 7.33333 20)
(33.2716 9.66667 20)
(33.2099 9.33333 20)
(33.1481 9 20)
(33.0864 8.66667 20)
(33.0247 8.33333 20)
(32.963 8 20)
(32.9012 7.66667 20)
(32.8395 7.33333 20)
(34.8148 9.66667 20)
(34.6296 9.33333 20)
(34.4444 9 20)
(34.2593 8.66667 20)
(34.0741 8.33333 20)
(33.8889 8 20)
(33.7037 7.66667 20)
(33.5185 7.33333 20)
(36.358 9.66667 20)
(36.0494 9.33333 20)
(35.7407 9 20)
(35.4321 8.66667 20)
(35.1235 8.33333 20)
(34.8148 8 20)
(34.5062 7.66667 20)
(34.1975 7.33333 20)
(37.9012 9.66667 20)
(37.4691 9.33333 20)
(37.037 9 20)
(36.6049 8.66667 20)
(36.1728 8.33333 20)
(35.7407 8 20)
(35.3086 7.66667 20)
(34.8765 7.33333 20)
(35.5556 3.18519 20)
(35.5556 3.7037 20)
(35.5556 4.22222 20)
(35.5556 4.74074 20)
(35.5556 5.25926 20)
(35.5556 5.77778 20)
(35.5556 6.2963 20)
(35.5556 6.81481 20)
(36.1111 2.92593 20)
(36.1111 3.51852 20)
(36.1111 4.11111 20)
(36.1111 4.7037 20)
(36.1111 5.2963 20)
(36.1111 5.88889 20)
(36.1111 6.48148 20)
(36.1111 7.07407 20)
(36.6667 2.66667 20)
(36.6667 3.33333 20)
(36.6667 4 20)
(36.6667 4.66667 20)
(36.6667 5.33333 20)
(36.6667 6 20)
(36.6667 6.66667 20)
(36.6667 7.33333 20)
(37.2222 2.40741 20)
(37.2222 3.14815 20)
(37.2222 3.88889 20)
(37.2222 4.62963 20)
(37.2222 5.37037 20)
(37.2222 6.11111 20)
(37.2222 6.85185 20)
(37.2222 7.59259 20)
(37.7778 2.14815 20)
(37.7778 2.96296 20)
(37.7778 3.77778 20)
(37.7778 4.59259 20)
(37.7778 5.40741 20)
(37.7778 6.22222 20)
(37.7778 7.03704 20)
(37.7778 7.85185 20)
(38.3333 1.88889 20)
(38.3333 2.77778 20)
(38.3333 3.66667 20)
(38.3333 4.55556 20)
(38.3333 5.44444 20)
(38.3333 6.33333 20)
(38.3333 7.22222 20)
(38.3333 8.11111 20)
(38.8889 1.62963 20)
(38.8889 2.59259 20)
(38.8889 3.55556 20)
(38.8889 4.51852 20)
(38.8889 5.48148 20)
(38.8889 6.44444 20)
(38.8889 7.40741 20)
(38.8889 8.37037 20)
(39.4444 1.37037 20)
(39.4444 2.40741 20)
(39.4444 3.44444 20)
(39.4444 4.48148 20)
(39.4444 5.51852 20)
(39.4444 6.55556 20)
(39.4444 7.59259 20)
(39.4444 8.62963 20)
(34.8765 2.66667 20)
(35.3086 2.33333 20)
(35.7407 2 20)
(36.1728 1.66667 20)
(36.6049 1.33333 20)
(37.037 1 20)
(37.4691 0.666667 20)
(37.9012 0.333333 20)
(34.1975 2.66667 20)
(34.5062 2.33333 20)
(34.8148 2 20)
(35.1235 1.66667 20)
(35.4321 1.33333 20)
(35.7407 1 20)
(36.0494 0.666667 20)
(36.358 0.333333 20)
(33.5185 2.66667 20)
(33.7037 2.33333 20)
(33.8889 2 20)
(34.0741 1.66667 20)
(34.2593 1.33333 20)
(34.4444 1 20)
(34.6296 0.666667 20)
(34.8148 0.333333 20)
(32.8395 2.66667 20)
(32.9012 2.33333 20)
(32.963 2 20)
(33.0247 1.66667 20)
(33.0864 1.33333 20)
(33.1481 1 20)
(33.2099 0.666667 20)
(33.2716 0.333333 20)
(32.1605 2.66667 20)
(32.0988 2.33333 20)
(32.037 2 20)
(31.9753 1.66667 20)
(31.9136 1.33333 20)
(31.8519 1 20)
(31.7901 0.666667 20)
(31.7284 0.333333 20)
(31.4815 2.66667 20)
(31.2963 2.33333 20)
(31.1111 2 20)
(30.9259 1.66667 20)
(30.7407 1.33333 20)
(30.5556 1 20)
(30.3704 0.666667 20)
(30.1852 0.333333 20)
(30.8025 2.66667 20)
(30.4938 2.33333 20)
(30.1852 2 20)
(29.8765 1.66667 20)
(29.5679 1.33333 20)
(29.2593 1 20)
(28.9506 0.666667 20)
(28.642 0.333333 20)
(30.1235 2.66667 20)
(29.6914 2.33333 20)
(29.2593 2 20)
(28.8272 1.66667 20)
(28.3951 1.33333 20)
(27.963 1 20)
(27.5309 0.666667 20)
(27.0988 0.333333 20)
(21.8148 -4.44444 20)
(21.2963 -4.44444 20)
(20.7778 -4.44444 20)
(20.2593 -4.44444 20)
(19.7407 -4.44444 20)
(19.2222 -4.44444 20)
(18.7037 -4.44444 20)
(18.1852 -4.44444 20)
(22.0741 -3.88889 20)
(21.4815 -3.88889 20)
(20.8889 -3.88889 20)
(20.2963 -3.88889 20)
(19.7037 -3.88889 20)
(19.1111 -3.88889 20)
(18.5185 -3.88889 20)
(17.9259 -3.88889 20)
(22.3333 -3.33333 20)
(21.6667 -3.33333 20)
(21 -3.33333 20)
(20.3333 -3.33333 20)
(19.6667 -3.33333 20)
(19 -3.33333 20)
(18.3333 -3.33333 20)
(17.6667 -3.33333 20)
(22.5926 -2.77778 20)
(21.8519 -2.77778 20)
(21.1111 -2.77778 20)
(20.3704 -2.77778 20)
(19.6296 -2.77778 20)
(18.8889 -2.77778 20)
(18.1481 -2.77778 20)
(17.4074 -2.77778 20)
(22.8519 -2.22222 20)
(22.037 -2.22222 20)
(21.2222 -2.22222 20)
(20.4074 -2.22222 20)
(19.5926 -2.22222 20)
(18.7778 -2.22222 20)
(17.963 -2.22222 20)
(17.1481 -2.22222 20)
(23.1111 -1.66667 20)
(22.2222 -1.66667 20)
(21.3333 -1.66667 20)
(20.4444 -1.66667 20)
(19.5556 -1.66667 20)
(18.6667 -1.66667 20)
(17.7778 -1.66667 20)
(16.8889 -1.66667 20)
(23.3704 -1.11111 20)
(22.4074 -1.11111 20)
(21.4444 -1.11111 20)
(20.4815 -1.11111 20)
(19.5185 -1.11111 20)
(18.5556 -1.11111 20)
(17.5926 -1.11111 20)
(16.6296 -1.11111 20)
(23.6296 -0.555556 20)
(22.5926 -0.555556 20)
(21.5556 -0.555556 20)
(20.5185 -0.555556 20)
(19.4815 -0.555556 20)
(18.4444 -0.555556 20)
(17.4074 -0.555556 20)
(16.3704 -0.555556 20)
(15.3333 -2.09877 20)
(15.3333 -3.64198 20)
(15.3333 -5.18519 20)
(15.3333 -6.7284 20)
(15.3333 -8.2716 20)
(15.3333 -9.81481 20)
(15.3333 -11.358 20)
(15.3333 -12.9012 20)
(15.6667 -2.53086 20)
(15.6667 -3.95062 20)
(15.6667 -5.37037 20)
(15.6667 -6.79012 20)
(15.6667 -8.20988 20)
(15.6667 -9.62963 20)
(15.6667 -11.0494 20)
(15.6667 -12.4691 20)
(16 -2.96296 20)
(16 -4.25926 20)
(16 -5.55556 20)
(16 -6.85185 20)
(16 -8.14815 20)
(16 -9.44444 20)
(16 -10.7407 20)
(16 -12.037 20)
(16.3333 -3.39506 20)
(16.3333 -4.5679 20)
(16.3333 -5.74074 20)
(16.3333 -6.91358 20)
(16.3333 -8.08642 20)
(16.3333 -9.25926 20)
(16.3333 -10.4321 20)
(16.3333 -11.6049 20)
(16.6667 -3.82716 20)
(16.6667 -4.87654 20)
(16.6667 -5.92593 20)
(16.6667 -6.97531 20)
(16.6667 -8.02469 20)
(16.6667 -9.07407 20)
(16.6667 -10.1235 20)
(16.6667 -11.1728 20)
(17 -4.25926 20)
(17 -5.18519 20)
(17 -6.11111 20)
(17 -7.03704 20)
(17 -7.96296 20)
(17 -8.88889 20)
(17 -9.81481 20)
(17 -10.7407 20)
(17.3333 -4.69136 20)
(17.3333 -5.49383 20)
(17.3333 -6.2963 20)
(17.3333 -7.09877 20)
(17.3333 -7.90123 20)
(17.3333 -8.7037 20)
(17.3333 -9.50617 20)
(17.3333 -10.3086 20)
(17.6667 -5.12346 20)
(17.6667 -5.80247 20)
(17.6667 -6.48148 20)
(17.6667 -7.16049 20)
(17.6667 -7.83951 20)
(17.6667 -8.51852 20)
(17.6667 -9.19753 20)
(17.6667 -9.87654 20)
(23.6296 -14.4444 20)
(23.3704 -13.8889 20)
(23.1111 -13.3333 20)
(22.8519 -12.7778 20)
(22.5926 -12.2222 20)
(22.3333 -11.6667 20)
(22.0741 -11.1111 20)
(21.8148 -10.5556 20)
(22.5926 -14.4444 20)
(22.4074 -13.8889 20)
(22.2222 -13.3333 20)
(22.037 -12.7778 20)
(21.8519 -12.2222 20)
(21.6667 -11.6667 20)
(21.4815 -11.1111 20)
(21.2963 -10.5556 20)
(21.5556 -14.4444 20)
(21.4444 -13.8889 20)
(21.3333 -13.3333 20)
(21.2222 -12.7778 20)
(21.1111 -12.2222 20)
(21 -11.6667 20)
(20.8889 -11.1111 20)
(20.7778 -10.5556 20)
(20.5185 -14.4444 20)
(20.4815 -13.8889 20)
(20.4444 -13.3333 20)
(20.4074 -12.7778 20)
(20.3704 -12.2222 20)
(20.3333 -11.6667 20)
(20.2963 -11.1111 20)
(20.2593 -10.5556 20)
(19.4815 -14.4444 20)
(19.5185 -13.8889 20)
(19.5556 -13.3333 20)
(19.5926 -12.7778 20)
(19.6296 -12.2222 20)
(19.6667 -11.6667 20)
(19.7037 -11.1111 20)
(19.7407 -10.5556 20)
(18.4444 -14.4444 20)
(18.5556 -13.8889 20)
(18.6667 -13.3333 20)
(18.7778 -12.7778 20)
(18.8889 -12.2222 20)
(19 -11.6667 20)
(19.1111 -11.1111 20)
(19.2222 -10.5556 20)
(17.4074 -14.4444 20)
(17.5926 -13.8889 20)
(17.7778 -13.3333 20)
(17.963 -12.7778 20)
(18.1481 -12.2222 20)
(18.3333 -11.6667 20)
(18.5185 -11.1111 20)
(18.7037 -10.5556 20)
(16.3704 -14.4444 20)
(16.6296 -13.8889 20)
(16.8889 -13.3333 20)
(17.1481 -12.7778 20)
(17.4074 -12.2222 20)
(17.6667 -11.6667 20)
(17.9259 -11.1111 20)
(18.1852 -10.5556 20)
(24.6667 -2.09877 20)
(24.3333 -2.53086 20)
(24 -2.96296 20)
(23.6667 -3.39506 20)
(23.3333 -3.82716 20)
(23 -4.25926 20)
(22.6667 -4.69136 20)
(22.3333 -5.12346 20)
(24.6667 -3.64198 20)
(24.3333 -3.95062 20)
(24 -4.25926 20)
(23.6667 -4.5679 20)
(23.3333 -4.87654 20)
(23 -5.18519 20)
(22.6667 -5.49383 20)
(22.3333 -5.80247 20)
(24.6667 -5.18519 20)
(24.3333 -5.37037 20)
(24 -5.55556 20)
(23.6667 -5.74074 20)
(23.3333 -5.92593 20)
(23 -6.11111 20)
(22.6667 -6.2963 20)
(22.3333 -6.48148 20)
(24.6667 -6.7284 20)
(24.3333 -6.79012 20)
(24 -6.85185 20)
(23.6667 -6.91358 20)
(23.3333 -6.97531 20)
(23 -7.03704 20)
(22.6667 -7.09877 20)
(22.3333 -7.16049 20)
(24.6667 -8.2716 20)
(24.3333 -8.20988 20)
(24 -8.14815 20)
(23.6667 -8.08642 20)
(23.3333 -8.02469 20)
(23 -7.96296 20)
(22.6667 -7.90123 20)
(22.3333 -7.83951 20)
(24.6667 -9.81481 20)
(24.3333 -9.62963 20)
(24 -9.44444 20)
(23.6667 -9.25926 20)
(23.3333 -9.07407 20)
(23 -8.88889 20)
(22.6667 -8.7037 20)
(22.3333 -8.51852 20)
(24.6667 -11.358 20)
(24.3333 -11.0494 20)
(24 -10.7407 20)
(23.6667 -10.4321 20)
(23.3333 -10.1235 20)
(23 -9.81481 20)
(22.6667 -9.50617 20)
(22.3333 -9.19753 20)
(24.6667 -12.9012 20)
(24.3333 -12.4691 20)
(24 -12.037 20)
(23.6667 -11.6049 20)
(23.3333 -11.1728 20)
(23 -10.7407 20)
(22.6667 -10.3086 20)
(22.3333 -9.87654 20)
)


// ************************************************************************* //
