/*--------------------------------*- C++ -*----------------------------------*\
| =========                 |                                                 |
| \\      /  F ield         | OpenFOAM: The Open Source CFD Toolbox           |
|  \\    /   O peration     | Version:  4.1                                   |
|   \\  /    A nd           | Web:      www.OpenFOAM.org                      |
|    \\/     M anipulation  |                                                 |
\*---------------------------------------------------------------------------*/
FoamFile
{
    version     2.0;
    format      ascii;
    class       volVectorField;
    location    "28";
    object      U;
}
// * * * * * * * * * * * * * * * * * * * * * * * * * * * * * * * * * * * * * //

dimensions      [0 1 -1 0 0 0 0];

internalField   nonuniform List<vector> 
1620
(
(1.07987 1.24318 4.01511e-17)
(0.383255 1.08439 1.03481e-16)
(0.453258 0.547424 2.78272e-17)
(0.346272 0.337247 7.74513e-17)
(0.203101 -0.0003866 -3.2041e-17)
(0.345528 -0.338741 1.26671e-16)
(0.453142 -0.548238 -2.57126e-17)
(0.383167 -1.08562 -1.20006e-17)
(1.08032 -1.24466 -2.99646e-17)
(1.32931 0.408096 1.85911e-17)
(1.03172 0.653154 1.11796e-16)
(0.22856 0.386501 1.09925e-16)
(0.811931 0.209327 8.73069e-17)
(0.447046 -0.000342595 4.66272e-17)
(0.81227 -0.210257 6.09355e-17)
(0.229505 -0.387194 -7.2667e-18)
(1.03216 -0.65411 -5.38941e-17)
(1.32998 -0.409137 8.11269e-19)
(0.929098 0.382651 -1.02385e-16)
(1.25481 0.36904 7.89762e-18)
(0.682869 0.301157 1.32822e-16)
(0.636812 0.123745 1.56946e-16)
(0.755863 -0.000397801 4.3018e-17)
(0.636945 -0.124811 7.46031e-17)
(0.682925 -0.301887 -1.31051e-16)
(1.25512 -0.369871 1.58093e-17)
(0.928949 -0.383276 -8.24266e-18)
(0.960424 0.18325 1.21462e-16)
(1.0972 0.32918 -3.96636e-17)
(0.907014 0.171314 -6.06153e-17)
(0.93707 0.121601 -4.6741e-17)
(0.763564 -0.000304551 -3.30183e-17)
(0.936981 -0.122144 -7.43652e-17)
(0.907062 -0.171788 7.13717e-17)
(1.09748 -0.329977 -4.35365e-17)
(0.960538 -0.183553 2.74381e-18)
(0.807595 0.162042 -3.24629e-17)
(1.20794 0.14417 6.62215e-17)
(0.91362 0.168217 7.87304e-17)
(0.855301 0.0605592 -1.41381e-17)
(0.955186 -0.000271587 -1.43016e-18)
(0.855514 -0.0611433 5.85162e-17)
(0.913795 -0.168833 -7.73186e-17)
(1.20825 -0.144658 -4.32287e-17)
(0.80798 -0.162185 2.62817e-18)
(0.889284 0.0734959 9.7484e-17)
(1.01609 0.157271 -9.66629e-17)
(1.07676 0.0593263 1.91794e-17)
(1.01225 0.0700012 -6.04593e-17)
(0.906311 -0.000189652 3.04817e-18)
(1.01219 -0.070366 -5.35071e-17)
(1.07669 -0.0595869 -4.43458e-18)
(1.01637 -0.157674 -1.67371e-17)
(0.889164 -0.0735068 2.85635e-17)
(1.01214 0.0782227 -8.17588e-17)
(1.09546 0.0476623 1.50613e-16)
(0.963505 0.0866692 -1.63069e-17)
(0.954965 0.013236 2.58818e-17)
(1.02568 -0.000134951 6.05642e-17)
(0.955133 -0.0135054 -3.06434e-17)
(0.963791 -0.0870164 -3.43817e-17)
(1.09571 -0.04784 -1.00932e-16)
(1.01189 -0.0783289 -7.96208e-18)
(1.05275 0.0240318 1.12479e-16)
(0.991279 0.0708116 -5.57438e-17)
(1.07766 -0.00236242 1.43072e-17)
(1.02522 0.0336878 9.39699e-17)
(0.958561 -6.76486e-05 3.09507e-17)
(1.02519 -0.0338423 5.18573e-17)
(1.07753 0.00229847 1.06606e-16)
(0.991307 -0.0709693 7.76511e-17)
(1.0525 -0.0240274 4.89196e-17)
(1.05332 0.0207221 -6.23556e-17)
(1.02383 -0.0104822 6.0318e-17)
(0.948473 0.0350058 -2.0413e-17)
(0.982972 -0.0126218 -4.87057e-17)
(1.03287 3.6997e-06 6.92722e-17)
(0.982994 0.0126246 -1.07934e-16)
(0.948635 -0.03506 -7.86145e-17)
(1.02389 0.0104694 -6.27684e-17)
(1.05349 -0.0207252 -8.1157e-18)
(0.82197 0.00122355 -3.82016e-16)
(1.27094 0.0592623 -1.60645e-16)
(1.49844 0.0726884 -9.85743e-17)
(1.47733 0.156807 6.45017e-17)
(1.28228 0.156372 1.5455e-17)
(1.09697 0.283178 8.37118e-17)
(1.09654 0.462622 6.85893e-18)
(1.37797 0.0520493 -3.3739e-17)
(1.16787 1.22794 1.29281e-17)
(1.18 0.0664032 4.16892e-17)
(1.21177 0.0422805 -1.12263e-16)
(1.16265 0.129946 -9.5062e-17)
(0.965988 0.121239 2.03946e-16)
(0.870201 0.231922 -2.03321e-17)
(1.04909 0.239396 7.35608e-17)
(1.32272 0.538433 -6.02603e-17)
(1.42911 0.00440344 5.08782e-17)
(1.0144 1.01101 8.36378e-17)
(1.09211 0.0576136 -4.18712e-16)
(1.43862 0.110365 -1.72515e-16)
(1.57854 0.156239 3.99021e-17)
(1.60694 0.238299 9.54796e-17)
(1.58394 0.280329 2.06043e-17)
(1.52841 0.299789 9.3617e-17)
(1.4926 0.434813 2.52991e-17)
(1.52734 0.045065 1.02477e-16)
(1.01694 0.917803 3.79166e-17)
(1.63734 0.0995283 -1.67834e-16)
(1.60087 0.0350028 8.80803e-17)
(1.54965 0.168082 -2.07142e-17)
(1.31118 0.114479 1.53213e-16)
(1.20086 0.230906 1.02602e-16)
(1.33807 0.21882 -6.28849e-17)
(1.58728 0.422062 -9.77733e-17)
(1.53386 0.00831167 6.43461e-17)
(0.859906 0.800833 8.19993e-17)
(1.56283 0.0351025 -4.57974e-16)
(1.86563 0.0978889 -8.83582e-17)
(1.86671 0.11699 1.02021e-16)
(1.95158 0.193277 8.19473e-17)
(2.01995 0.201061 -8.03422e-17)
(2.05567 0.274236 1.57022e-17)
(1.84248 0.322247 -3.36263e-18)
(1.53098 -0.00819043 8.15992e-17)
(0.884461 0.620903 -1.96324e-17)
(2.22849 0.051924 -1.1205e-17)
(1.99888 -0.0388972 9.27152e-17)
(2.02677 0.107157 -1.81241e-17)
(1.76709 0.0336413 7.48958e-17)
(1.63819 0.143099 1.29879e-16)
(1.52591 0.0924228 -1.03719e-17)
(1.67475 0.316793 -5.1512e-17)
(1.54662 0.0473763 -1.66325e-17)
(0.492318 0.501189 -2.66188e-18)
(1.83685 -0.0666917 -3.16376e-16)
(2.24239 0.096292 -5.47369e-17)
(2.08159 0.00102239 4.99278e-17)
(2.21446 0.0964056 1.51799e-16)
(2.264 0.0752386 -9.13427e-17)
(2.39166 0.176505 -2.03554e-17)
(2.11105 0.187172 2.20095e-17)
(1.33524 0.0376269 6.28769e-17)
(-0.0855458 0.146761 -6.17328e-17)
(2.50818 0.0340023 -7.25868e-17)
(2.08994 -0.0797917 2.90676e-17)
(2.27988 0.0547273 3.35401e-17)
(1.98307 -0.0289868 1.45056e-17)
(1.94165 0.0840429 7.58103e-17)
(1.62783 -0.0131321 1.87363e-17)
(1.44526 0.169766 -3.12717e-17)
(1.27479 0.0784664 -3.79874e-17)
(-0.194417 0.0219434 -5.79146e-17)
(1.82689 -0.0844845 -3.05264e-16)
(2.36468 0.152065 -1.57447e-16)
(2.09964 -0.126924 4.37375e-17)
(2.31677 0.00423208 1.87659e-16)
(2.33688 -0.0351644 -3.25869e-17)
(2.4627 0.0352355 -3.91212e-17)
(2.22995 0.0135976 2.65181e-17)
(1.19165 0.0806563 4.43296e-17)
(-0.434169 0.209492 8.50693e-17)
(-0.121553 0.811583 -1.8143e-17)
(-0.260381 0.651592 -1.11695e-17)
(-0.202762 0.603955 -1.2816e-17)
(-0.442789 0.421068 7.24978e-17)
(-0.706766 0.000652054 2.19753e-16)
(-0.44614 -0.423146 7.19141e-17)
(-0.207128 -0.603182 1.75528e-17)
(-0.261821 -0.65742 -5.3094e-17)
(-0.12786 -0.807063 1.56393e-17)
(0.769849 -0.181457 -1.86975e-17)
(0.0491645 0.087375 1.53723e-18)
(-0.411037 0.305844 -2.56074e-16)
(-0.396504 0.273739 -1.30533e-16)
(-1.00913 0.000784466 -2.84661e-17)
(-0.397932 -0.271109 -1.16469e-16)
(-0.408224 -0.30292 -2.61932e-16)
(0.0589065 -0.0881457 -1.01327e-16)
(0.776671 0.181502 -4.34877e-17)
(1.29524 0.0205425 6.48609e-17)
(0.704637 0.161498 -4.16496e-17)
(0.627621 -0.0390989 -2.1058e-17)
(-0.296903 -0.102848 -7.55062e-17)
(-0.911344 -0.000424257 1.1823e-17)
(-0.299886 0.103558 4.59835e-17)
(0.624123 0.0396913 7.39453e-17)
(0.700426 -0.162345 -1.47545e-16)
(1.29501 -0.0212871 3.60057e-17)
(1.54535 -0.141726 1.39058e-17)
(-0.0187604 0.108069 -7.95037e-17)
(-0.55477 0.119447 -2.80711e-16)
(-0.518093 0.200863 -1.74196e-16)
(-1.11613 -0.000135878 -1.70081e-17)
(-0.520027 -0.198163 -3.10623e-17)
(-0.552544 -0.120749 9.96996e-17)
(-0.0103505 -0.107004 -1.19844e-16)
(1.54444 0.14182 -2.59197e-17)
(2.0024 0.00166717 5.25128e-18)
(1.47276 -0.336668 -4.45959e-17)
(1.23788 0.0486197 -1.22607e-16)
(-0.271511 -0.089724 -1.41609e-16)
(-0.921707 -0.00111215 -6.06369e-17)
(-0.275267 0.0905741 1.99235e-17)
(1.23679 -0.0495771 1.75528e-17)
(1.47173 0.336795 -3.71868e-17)
(2.00299 -0.0032826 3.10759e-17)
(1.92786 -0.0605493 6.80367e-17)
(0.729196 0.0741056 3.96993e-17)
(-0.154974 -0.00282216 -5.1439e-17)
(-0.515907 -0.0271629 -1.0247e-16)
(-0.997577 -0.000732061 -6.62174e-17)
(-0.517932 0.0277813 1.81238e-16)
(-0.156942 0.00154169 6.67688e-17)
(0.734836 -0.0758079 -1.15134e-16)
(1.92863 0.0606817 -6.72349e-17)
(2.30906 0.00473311 2.7471e-17)
(1.68962 -0.28963 -5.37198e-17)
(1.18589 -0.0531965 -1.1806e-16)
(-0.0226307 -0.0964801 -2.31043e-17)
(-0.786775 -0.000712603 -2.93661e-17)
(-0.0249337 0.0978028 -1.47891e-16)
(1.19082 0.0551865 3.07942e-17)
(1.68989 0.290245 -2.78129e-17)
(2.30958 -0.00515378 4.90879e-17)
(1.97916 0.0239677 9.18725e-17)
(1.13603 0.0314004 6.44716e-18)
(0.783664 -0.268141 -3.01035e-17)
(-0.381719 -0.108844 -5.18387e-17)
(-0.894317 -0.000915843 3.9673e-17)
(-0.386308 0.108097 9.57666e-17)
(0.781138 0.267048 5.14329e-17)
(1.13605 -0.0343532 -8.44561e-17)
(1.98029 -0.0243405 -7.29742e-17)
(2.74498 0.101818 -3.71951e-17)
(1.66647 -0.244978 -3.57591e-18)
(1.1815 -0.142902 -9.4413e-17)
(0.138329 -0.107722 -8.96149e-17)
(-0.63943 -0.00154103 -1.92862e-17)
(0.138919 0.111377 -4.33543e-17)
(1.18212 0.141678 -1.93598e-17)
(1.66723 0.244064 -4.94936e-17)
(2.74637 -0.101615 8.59248e-17)
(1.82708 0.0851804 2.14842e-16)
(2.36403 -0.153506 8.95906e-17)
(2.09981 0.127282 -2.43086e-18)
(2.31556 -0.00552974 1.36835e-18)
(2.3356 0.0354413 -1.6254e-16)
(2.46305 -0.036143 -4.17201e-17)
(2.23304 -0.0114939 -1.84038e-17)
(1.198 -0.0804678 -1.88808e-17)
(-0.437962 -0.207284 3.05606e-18)
(2.5074 -0.0347826 1.23154e-16)
(2.09092 0.0811857 -2.40223e-17)
(2.27964 -0.0554735 3.35115e-17)
(1.98431 0.0296909 -6.62227e-17)
(1.94336 -0.0848169 -2.75653e-17)
(1.62916 0.0144646 -3.35666e-17)
(1.44473 -0.170179 1.65805e-17)
(1.27509 -0.0764063 -4.76788e-17)
(-0.19593 -0.0242569 1.34286e-16)
(1.83824 0.0677496 2.27328e-16)
(2.24214 -0.097234 1.23186e-16)
(2.0827 -0.000361116 2.60796e-17)
(2.21374 -0.0969835 4.55319e-17)
(2.2637 -0.074289 -1.4514e-16)
(2.39266 -0.177223 -4.63388e-17)
(2.11317 -0.187119 -2.36659e-19)
(1.3378 -0.0381565 -2.63116e-17)
(-0.0830038 -0.148615 3.97403e-17)
(2.22806 -0.0525654 1.64204e-16)
(2.00005 0.0396353 3.07072e-17)
(2.02715 -0.107394 6.51773e-17)
(1.76916 -0.0330347 -6.31663e-17)
(1.64039 -0.143414 -5.41552e-17)
(1.52669 -0.0917289 -9.78687e-17)
(1.67438 -0.316837 2.29322e-18)
(1.54822 -0.0464539 -4.66986e-17)
(0.496717 -0.501964 -4.77589e-17)
(1.56427 -0.0347344 2.69888e-16)
(1.86612 -0.0982215 -1.20935e-17)
(1.86745 -0.116792 -5.12278e-17)
(1.95107 -0.193679 4.84141e-17)
(2.02055 -0.200857 -2.2271e-16)
(2.05743 -0.274585 -8.00278e-17)
(1.84427 -0.32232 1.04019e-17)
(1.5315 0.00865972 -8.16284e-17)
(0.883864 -0.620613 -7.55036e-17)
(1.63712 -0.0999413 2.58445e-16)
(1.60147 -0.0348343 -5.96274e-17)
(1.55004 -0.168401 3.57839e-18)
(1.31234 -0.114467 6.51299e-17)
(1.20203 -0.231221 -8.04866e-18)
(1.33828 -0.21892 -2.10379e-16)
(1.58722 -0.422274 1.52332e-17)
(1.53486 -0.00859559 -2.37231e-17)
(0.861082 -0.802199 -4.78258e-18)
(1.09277 -0.0574285 4.16116e-16)
(1.43945 -0.110568 -7.19524e-17)
(1.57891 -0.156163 -7.16517e-17)
(1.60664 -0.238638 -2.35479e-17)
(1.58493 -0.280543 -3.64314e-17)
(1.53022 -0.300221 -7.46937e-17)
(1.49384 -0.435158 -2.77883e-17)
(1.52788 -0.0446583 -3.35902e-17)
(1.0172 -0.918573 -4.56771e-17)
(1.18006 -0.0665719 2.11219e-16)
(1.2117 -0.0420827 1.5142e-16)
(1.16245 -0.130023 -2.33563e-17)
(0.965914 -0.121066 4.46881e-17)
(0.87045 -0.232058 4.21802e-18)
(1.049 -0.239484 -1.32428e-16)
(1.32266 -0.538706 -9.92174e-17)
(1.42974 -0.0047232 4.38204e-17)
(1.01493 -1.01233 -3.61841e-17)
(0.822457 -0.00123505 2.03254e-16)
(1.27224 -0.0594433 1.79582e-17)
(1.49866 -0.0727586 4.42546e-18)
(1.47693 -0.157168 -8.04441e-18)
(1.28297 -0.156573 4.84003e-17)
(1.0986 -0.283539 5.68574e-17)
(1.09703 -0.462878 -1.53288e-16)
(1.37827 -0.0517273 -2.87231e-17)
(1.16811 -1.22895 1.45499e-18)
(1.62776 1.88128 -3.5226e-17)
(2.22266 0.478286 -1.32709e-16)
(0.467095 0.960338 -2.11008e-17)
(1.04699 0.962141 -1.15114e-16)
(-0.184202 0.272925 -2.23256e-16)
(-0.871598 0.666509 -1.11439e-16)
(-0.479087 0.822993 -9.43573e-17)
(-2.01573 0.79077 -8.05534e-17)
(-1.53315 1.81885 3.85169e-18)
(0.267214 2.41854 9.18712e-17)
(1.37242 2.30898 3.08875e-17)
(0.391289 -0.64944 -3.51656e-17)
(0.483485 1.86145 1.25367e-17)
(0.267925 1.01109 -3.08668e-17)
(-0.0927893 1.40482 -7.22536e-17)
(-0.352837 -0.522559 -1.31015e-16)
(-1.29332 2.30005 1.11103e-16)
(-0.296538 2.32907 8.14483e-17)
(0.103326 1.30437 -7.6737e-18)
(0.909577 2.82774 5.75344e-17)
(-0.155349 0.67778 -3.20118e-17)
(0.108687 0.547931 -1.04659e-16)
(-0.105628 0.992374 -1.45747e-16)
(-0.200239 0.761772 -1.25303e-16)
(-0.285094 1.63594 1.8314e-16)
(-0.595465 2.66968 1.13308e-16)
(-0.159673 1.32512 -5.18284e-17)
(-0.500691 1.34301 8.36586e-17)
(0.855135 2.35865 6.52562e-17)
(-0.0216999 1.87846 1.08885e-16)
(0.305417 1.86157 8.59096e-17)
(0.0636421 1.14798 2.37075e-18)
(-0.133383 1.71228 3.88977e-17)
(-0.0552444 1.7488 6.29856e-17)
(-0.48216 2.01369 -1.15428e-17)
(0.184399 1.39048 8.2072e-18)
(-0.804523 1.06983 2.11238e-17)
(0.163156 2.43833 9.11288e-18)
(-0.105934 1.50177 2.20326e-17)
(-0.0121681 0.866658 -3.30912e-17)
(-0.0291732 1.22254 -8.85112e-17)
(0.05786 1.12916 -6.66463e-17)
(0.0973993 1.92946 1.12692e-16)
(0.17422 2.31291 5.82235e-17)
(0.560544 0.899893 -8.71124e-17)
(-0.900849 0.928229 2.67381e-17)
(0.0327632 2.03872 1.30417e-17)
(-0.399785 2.12168 6.05723e-17)
(0.0445047 1.73379 3.89598e-17)
(0.0705807 1.09563 -3.54428e-17)
(0.109812 1.72062 3.00507e-17)
(0.396664 1.90702 7.80939e-17)
(0.283953 1.74454 -9.05573e-17)
(0.42122 0.995446 -8.71756e-18)
(-1.6197 1.20611 -3.16465e-18)
(-0.580619 1.92544 -5.05242e-18)
(-0.485522 1.51228 -4.36942e-18)
(-0.256316 0.915529 -2.40423e-17)
(0.0586449 1.07656 -1.45591e-16)
(0.408046 1.11542 -7.02939e-17)
(0.646075 1.79942 9.87594e-17)
(0.893461 1.85088 2.62115e-17)
(1.34106 0.569658 -5.83721e-17)
(-1.40996 1.50034 5.66661e-17)
(-0.690547 1.8335 1.21158e-17)
(-0.744068 1.99977 7.30382e-17)
(-0.250965 1.45935 3.29841e-17)
(0.097974 0.773017 6.88153e-17)
(0.40067 1.45013 6.7293e-17)
(0.821279 1.71921 8.43959e-17)
(0.925352 1.71006 -5.68312e-17)
(1.4868 1.45053 8.3862e-18)
(-2.19191 1.32726 2.31281e-18)
(-1.64008 1.53142 -1.88244e-17)
(-0.936017 1.13056 1.57553e-17)
(-0.556505 0.440417 -6.00358e-17)
(0.201982 0.524545 -1.34641e-16)
(0.812648 0.66851 -5.75308e-17)
(1.22516 1.33446 1.21211e-16)
(1.74115 1.36226 2.77694e-17)
(1.93419 0.74442 -3.3632e-17)
(-0.920943 -1.06433 -2.90643e-17)
(0.642983 1.97245 -4.37391e-17)
(-1.1169 -0.461381 -1.73543e-17)
(0.347892 1.28829 -4.4379e-17)
(-0.691823 0.806521 -4.47756e-17)
(-0.628971 1.44936 -1.03306e-16)
(-0.793254 1.78192 -8.99259e-18)
(-0.567889 2.14919 6.75349e-17)
(-1.91134 1.81677 -4.50589e-17)
(0.0153716 -1.18202 -7.16927e-17)
(0.0830314 0.0592869 2.2644e-18)
(0.0624973 -0.717589 -1.12499e-17)
(0.0180159 -1.14291 -9.09721e-17)
(-0.29128 1.29118 -1.31959e-16)
(-0.3594 1.94579 6.07633e-17)
(-0.946559 2.0003 1.2397e-16)
(-0.0500474 2.29935 6.37316e-17)
(-1.35919 1.65371 -2.01361e-17)
(-0.101051 0.256358 -1.0241e-16)
(-0.303703 0.69215 -7.61762e-17)
(-0.205196 0.894967 -7.03158e-17)
(-0.829699 1.20197 -4.97027e-17)
(-0.609928 1.71719 4.17334e-18)
(-0.821539 1.56584 4.02952e-17)
(-0.93744 2.14071 -2.49961e-17)
(-0.221695 1.90729 2.55766e-17)
(-1.37652 1.23662 -6.94131e-17)
(-0.0080817 1.22433 9.76203e-19)
(-0.168631 0.21516 1.81466e-16)
(-0.0495118 0.448806 -7.9626e-17)
(-0.220076 1.33293 1.00182e-16)
(-0.10245 1.3353 -8.17371e-18)
(-0.399121 2.17936 3.26996e-17)
(-0.631405 2.12627 8.42066e-17)
(-0.0170771 1.85506 7.56469e-17)
(-1.076 1.19236 -3.312e-18)
(0.00718701 0.973164 -1.43524e-16)
(-0.0242916 1.05766 -5.36781e-17)
(-0.309085 0.599963 -5.04103e-17)
(-0.461489 1.54579 -3.41304e-17)
(-0.44501 2.00373 -4.38478e-17)
(-0.619813 1.98962 1.9591e-17)
(-0.619894 2.11519 -3.3231e-17)
(-0.211815 1.59378 -4.70887e-18)
(-1.25637 0.721499 -9.70741e-17)
(0.00253826 1.47176 4.09296e-17)
(-0.0619559 1.46351 -1.30906e-17)
(-0.131674 2.30121 -5.7883e-17)
(-0.256716 2.30274 -2.41043e-17)
(-0.214682 2.1389 3.66543e-17)
(-0.418176 2.49822 4.3452e-17)
(-0.437869 2.1342 8.35268e-18)
(-0.204228 1.2677 -1.22712e-17)
(-0.130659 -0.0467447 -9.39007e-17)
(0.0248759 1.99289 -1.50771e-16)
(-0.189345 2.08683 -5.79158e-17)
(-0.263225 1.60896 3.10915e-17)
(-0.363887 2.07029 2.21851e-17)
(-0.552265 2.54479 1.21535e-17)
(-0.605669 2.37759 -2.14711e-17)
(-0.494239 1.85086 -6.41055e-17)
(-0.134313 1.15284 -9.41589e-17)
(-0.147857 -0.418966 2.26754e-17)
(0.256997 2.51972 -1.74464e-17)
(-0.0472562 1.6751 3.27232e-17)
(-0.0549544 2.57127 5.32102e-18)
(-0.468519 3.49299 -3.67871e-17)
(-0.482016 2.90487 -1.4181e-17)
(-0.471181 2.03129 1.69009e-17)
(-0.546449 1.45534 2.98308e-17)
(-0.221877 0.244999 5.50907e-17)
(-0.139511 0.299818 4.48226e-17)
(0.388274 2.59625 -1.09526e-16)
(-0.551326 3.37366 -3.85348e-17)
(-0.485956 3.44621 -1.29633e-17)
(-0.759145 2.83623 6.12129e-18)
(-0.584677 1.36037 7.86879e-17)
(-0.783939 1.21483 3.47382e-17)
(-0.646451 0.39116 4.52707e-17)
(-0.548345 -0.280292 1.69126e-17)
(-1.27951 -0.670815 1.27565e-17)
(2.4021 -0.790554 1.1113e-17)
(-0.752972 2.13764 6.44426e-17)
(0.525085 -1.56371 1.31737e-18)
(-0.0617141 -0.547214 -4.24862e-18)
(1.75514 0.711188 -1.11249e-16)
(1.32751 1.50959 -7.67493e-17)
(1.55292 1.31751 -7.0337e-17)
(1.45304 1.70948 -6.55407e-17)
(2.01062 1.76598 -6.4399e-17)
(1.61958 -0.791822 3.7687e-17)
(0.25902 1.81427 1.8971e-17)
(-0.537943 1.2482 -9.77174e-17)
(0.446837 1.26563 5.76165e-17)
(0.338841 1.87697 -7.75166e-17)
(-0.00278112 2.50911 6.99768e-17)
(0.185704 2.21816 -6.23765e-18)
(-0.0875273 2.46862 4.68188e-17)
(0.456667 2.23525 4.04994e-17)
(1.74497 0.315886 1.55342e-17)
(0.203867 0.895138 6.11334e-17)
(0.476982 1.96529 -3.46741e-17)
(0.47368 2.09001 1.4869e-17)
(0.941941 2.5902 -2.96357e-17)
(0.864237 2.61016 4.65045e-17)
(0.94693 2.23165 -1.25441e-17)
(0.748315 1.93696 3.51254e-17)
(0.865068 1.64969 -3.20987e-17)
(0.733695 -0.270057 5.75796e-17)
(0.657357 1.75329 4.22805e-17)
(0.387275 2.75334 -5.21379e-17)
(0.60459 2.62561 2.45098e-17)
(0.824733 2.64598 -3.89968e-17)
(0.585243 2.61847 8.30641e-17)
(0.516841 1.68703 -3.07319e-17)
(0.0456338 1.59495 6.97204e-17)
(0.851058 1.68097 5.03212e-17)
(0.680889 1.56006 2.8985e-17)
(0.824184 3.33554 -7.35397e-18)
(0.307039 2.71986 1.0211e-17)
(0.578229 2.37797 -7.78577e-18)
(0.765268 2.4668 2.19137e-17)
(0.481789 1.83388 1.04265e-16)
(0.556189 0.880321 6.42074e-17)
(0.215753 0.0990245 1.03654e-16)
(0.854137 1.27162 -3.44613e-17)
(0.770035 3.86841 1.45203e-17)
(0.753981 3.34748 3.2297e-17)
(0.0741943 2.69936 6.37095e-17)
(0.372384 1.60452 1.92617e-17)
(0.570144 2.51032 6.83255e-17)
(0.0954107 0.795319 5.84139e-17)
(-0.00891074 0.941863 4.12407e-17)
(-0.0946611 0.52728 3.15115e-17)
(0.219534 1.87859 5.65489e-17)
(0.140471 4.2472 1.56514e-18)
(0.472596 2.81321 2.64117e-17)
(-0.0255579 2.56517 2.65307e-17)
(0.231475 1.60575 1.63582e-17)
(0.520127 2.40665 2.00994e-18)
(-0.00578361 0.121803 7.34295e-19)
(0.319968 0.881338 -3.55811e-17)
(0.374612 0.482438 2.54488e-17)
(0.845263 1.12904 -2.1119e-17)
(0.186482 3.74305 1.45261e-17)
(0.316137 3.28686 6.25446e-17)
(0.0772419 2.03764 1.36591e-17)
(0.1547 2.33217 -1.43589e-17)
(0.303215 1.97369 4.69623e-17)
(-0.120479 0.41152 -6.11049e-17)
(0.232107 1.70915 2.54359e-18)
(-0.0834092 0.80436 4.96666e-17)
(-0.484849 2.48469 5.49917e-17)
(-0.396852 3.47954 -1.5597e-17)
(-0.217358 3.61036 2.14852e-17)
(-0.15289 1.80698 -4.71508e-17)
(0.0102825 2.6648 -1.77896e-18)
(0.074928 0.907642 2.81047e-17)
(0.047861 0.925026 -1.22798e-16)
(0.217049 1.02497 1.31775e-16)
(0.161991 -1.16355 6.22884e-17)
(0.689061 -0.764483 2.47796e-17)
(-1.55319 -0.806966 1.86734e-17)
(-1.76333 -0.931826 5.20873e-18)
(-1.78869 -1.15625 2.18942e-17)
(-1.03452 -1.69773 -5.23636e-17)
(0.155916 -3.63561 -5.49461e-17)
(1.27001 -2.27498 2.89805e-17)
(3.22248 -1.70169 -2.83159e-17)
(2.77492 -1.21662 1.49821e-17)
(3.12396 -1.71261 3.33383e-18)
(-0.198033 1.42792 9.48743e-19)
(-1.25512 0.064325 -2.6109e-17)
(-1.27479 0.348347 -7.60152e-17)
(0.536364 -0.083381 -5.14361e-18)
(-0.345597 -4.52116 -6.37779e-17)
(2.21121 -1.87085 -6.9694e-17)
(2.48514 -0.687494 -6.50461e-17)
(2.51989 -0.3111 -1.41368e-17)
(-0.149237 2.49534 4.10918e-17)
(-0.119465 0.818756 6.3895e-17)
(-0.744851 0.26547 4.1559e-17)
(-0.555725 -1.2512 3.09595e-18)
(0.498322 -1.48412 2.28147e-18)
(-0.0723716 -5.46757 -9.54953e-17)
(1.67446 -1.24123 -4.98198e-17)
(0.640347 0.785609 -2.29796e-18)
(0.00139842 0.789233 7.1815e-17)
(-2.214 0.718052 6.49346e-17)
(-0.214292 1.85599 3.30443e-18)
(-0.724577 0.0401175 -1.11416e-17)
(-0.930719 -0.440549 3.71349e-18)
(0.17979 -1.27304 -5.89981e-17)
(-0.511721 -5.88996 -8.87661e-17)
(1.83868 -1.2953 -7.98494e-17)
(-0.115265 0.637464 4.19526e-18)
(1.22665 1.26256 4.03612e-17)
(-1.24193 1.18526 9.94884e-17)
(0.26641 1.86129 4.49148e-17)
(-0.374403 1.91985 5.54071e-17)
(-0.462822 0.114194 -1.41843e-17)
(-0.0248904 -1.66422 -3.73128e-17)
(-0.402334 -6.76228 -7.2001e-17)
(1.62042 -0.0465024 -5.75731e-17)
(-0.125703 1.15637 -8.33838e-18)
(1.66762 1.2463 1.68875e-17)
(-0.556579 1.49806 6.3977e-17)
(-0.0650434 2.32471 6.20903e-17)
(-0.630624 0.59032 4.18437e-17)
(-0.590581 -0.701156 -6.98427e-17)
(-0.539768 -1.19303 -9.5168e-17)
(-0.644083 -6.9423 -6.87053e-17)
(1.67345 -0.16413 -3.88433e-18)
(0.211125 0.419339 1.71526e-17)
(1.06657 1.86071 2.96889e-17)
(-0.407623 3.10895 4.18503e-17)
(0.323871 3.10798 1.55189e-17)
(-0.117305 2.49382 3.73202e-17)
(-0.545029 1.48122 1.1314e-17)
(-0.285535 -1.52769 -9.71921e-17)
(-0.686773 -8.25595 -3.46586e-17)
(0.937592 0.286802 6.2964e-18)
(-0.512404 1.50359 1.21836e-18)
(0.566842 2.4035 1.20616e-17)
(-0.620742 3.77913 2.452e-17)
(0.0558554 3.61423 3.90623e-17)
(-0.505065 1.82111 3.33724e-17)
(-0.872962 -0.0292252 -5.85329e-17)
(-0.666094 -1.91059 -1.38954e-16)
(-0.954553 -9.49226 -3.63846e-17)
(0.134421 1.32065 4.60121e-17)
(-0.898303 0.827915 -3.80333e-17)
(0.425232 2.56345 3.54132e-17)
(-0.857197 4.28435 3.42624e-17)
(0.572224 4.19049 -1.14374e-17)
(-0.17192 3.11224 3.58892e-17)
(-0.671792 1.75482 -4.38141e-17)
(-0.634588 -1.37457 -1.35946e-16)
(-0.951369 -11.0561 1.77821e-18)
(0.511371 0.585026 1.58899e-16)
(-0.463093 1.34117 3.54671e-18)
(-0.0538395 3.04972 3.2422e-17)
(-1.03743 4.33517 1.46829e-17)
(-2.6777 1.17862 3.69932e-17)
(-2.00137 1.03663 3.25135e-17)
(-2.13753 1.15586 9.04097e-17)
(-1.65033 0.921243 -2.55884e-17)
(-1.80121 0.940098 4.26477e-17)
(-1.39474 0.634987 -1.13821e-16)
(-1.07056 0.376022 -2.8367e-17)
(-0.878696 0.268507 1.04864e-16)
(-0.930641 0.352921 3.03402e-17)
(-1.43513 0.878364 -1.50785e-17)
(-1.35672 1.14716 -8.27513e-18)
(-1.41029 0.905875 8.01774e-18)
(-1.16146 1.05759 -4.90518e-17)
(-1.30971 0.892248 5.48183e-17)
(-0.740079 0.791565 -4.86517e-17)
(-0.950954 0.656565 1.3668e-16)
(-0.507946 0.522039 -2.21939e-17)
(-0.718169 0.341887 1.32433e-16)
(-0.866497 1.02368 1.06382e-17)
(-0.797077 0.912977 3.76613e-17)
(-0.722484 0.726647 -2.60939e-18)
(-0.577518 0.717958 3.78253e-17)
(-0.520396 0.477036 4.14553e-17)
(-0.235789 0.460446 5.76789e-17)
(-0.409783 0.334993 7.33742e-18)
(0.06534 0.180215 -6.85454e-17)
(-0.302303 0.145137 8.95527e-17)
(-0.386108 0.673621 5.01982e-17)
(-0.384105 0.436626 7.0692e-17)
(-0.296753 0.44869 7.52079e-17)
(-0.247847 0.311113 1.25376e-17)
(-0.154479 0.22102 1.17803e-16)
(-0.0826763 0.155433 1.2749e-16)
(-0.0982179 0.0945218 3.413e-17)
(0.0557546 0.0257612 5.54344e-17)
(0.0199393 0.0366301 7.42974e-17)
(0.0763606 0.300573 4.66958e-18)
(0.120169 0.220329 -4.09944e-17)
(0.0972669 0.154272 -4.0338e-17)
(0.0985772 0.0864148 -6.98375e-17)
(0.0898935 0.0352165 -1.30077e-16)
(0.0474027 0.000128269 -2.79305e-17)
(0.0335963 -0.0216793 2.08248e-17)
(-0.0147748 -0.0402993 9.66361e-17)
(-0.0406977 -0.00641669 3.02328e-17)
(0.525135 0.737028 2.85836e-17)
(0.584678 0.565272 -6.77854e-18)
(0.448198 0.522959 -9.77169e-18)
(0.412214 0.402307 -2.77671e-17)
(0.333052 0.31454 -7.44395e-17)
(0.0926741 0.183869 -2.95136e-17)
(0.212938 0.167523 5.42381e-17)
(-0.138854 0.0187177 8.68821e-17)
(-0.0847412 0.0320066 5.2625e-17)
(1.04263 0.956968 4.95709e-17)
(1.02987 0.982415 9.45297e-17)
(1.00288 0.770222 2.00417e-17)
(0.771627 0.777837 7.50132e-17)
(0.934032 0.637022 1.71029e-17)
(0.283143 0.475804 2.48785e-18)
(0.7347 0.487719 -6.39866e-18)
(-0.0237949 0.203803 -2.18065e-17)
(0.344343 0.155078 -3.78298e-17)
(1.62802 0.929457 4.07326e-17)
(1.35697 1.00185 6.75006e-17)
(1.68391 1.00558 3.65578e-17)
(1.09344 0.934703 7.46096e-17)
(1.66223 1.04706 1.0824e-16)
(0.815867 0.788164 5.03323e-17)
(1.12448 0.751268 6.72176e-17)
(0.682475 0.606963 8.16779e-18)
(0.735438 0.375027 -4.07932e-17)
(2.85036 1.20388 -2.40935e-17)
(1.89238 0.812215 -2.32517e-17)
(2.2819 1.09659 3.60406e-17)
(1.54532 0.844896 -5.05693e-17)
(1.81304 0.844806 4.64293e-17)
(1.59703 0.702974 1.12197e-16)
(1.14713 0.384754 3.99193e-17)
(0.924403 0.3423 -1.15544e-16)
(0.931851 0.35744 -5.45479e-17)
(0.214543 -0.963513 1.37577e-16)
(-0.237259 -0.146341 4.94938e-17)
(-0.857749 0.00222601 1.47787e-16)
(-1.44585 0.242164 3.13534e-17)
(-2.03914 0.287291 8.33155e-17)
(-2.43399 0.413691 1.19758e-17)
(-2.71219 0.347881 5.33213e-17)
(-3.22158 0.0753524 2.74889e-17)
(-2.81744 0.23124 2.77464e-17)
(0.0712057 0.327417 4.55278e-18)
(0.51788 0.632762 3.05267e-17)
(0.920685 0.742941 6.05123e-17)
(0.990886 0.522945 2.0392e-17)
(0.821269 0.640681 3.38627e-17)
(0.207689 0.346163 1.3479e-17)
(-0.104968 1.75257 6.45326e-17)
(-0.83879 0.554036 1.36908e-16)
(-1.31921 0.0536177 3.78945e-17)
(-0.569074 0.724309 -4.31658e-17)
(-0.962613 0.0246554 2.27148e-17)
(-1.17421 -0.255634 -1.61629e-17)
(-1.2411 -0.415235 6.12884e-17)
(-1.22332 -0.568742 3.19802e-18)
(-1.1479 -0.613427 8.33235e-17)
(-1.1097 -0.628329 2.93209e-17)
(-1.00039 -0.366144 7.36923e-17)
(-1.0941 -0.432267 4.52625e-17)
(0.240914 -0.993081 -5.27694e-17)
(0.0962936 -1.05757 1.35919e-17)
(0.129831 -0.659095 4.02533e-17)
(0.0532827 -0.324121 9.63118e-17)
(0.027493 -0.200441 -7.12214e-17)
(0.0297063 -0.228515 -2.22949e-17)
(0.0259463 -0.282061 8.86908e-19)
(0.0202309 -0.314413 6.25169e-18)
(0.0170222 -0.288145 4.25807e-18)
(0.12677 -0.00150869 1.28114e-17)
(0.237571 -0.0019524 6.34815e-17)
(0.392505 -0.00191313 2.84844e-17)
(0.481696 -0.00178308 1.09436e-16)
(0.519216 -0.00150713 6.36065e-17)
(0.52414 -0.00125087 7.17093e-17)
(0.538775 -0.000952352 2.41619e-17)
(0.559064 -0.000771501 9.72541e-17)
(0.598833 -0.000359412 8.55394e-17)
(0.24074 0.990555 1.38051e-16)
(0.0964112 1.05519 2.23834e-16)
(0.130141 0.656562 9.83647e-17)
(0.0535843 0.320991 1.50646e-17)
(0.027479 0.197343 -8.79242e-17)
(0.0296315 0.226134 -2.34796e-17)
(0.0258147 0.280642 -1.53269e-17)
(0.020214 0.313848 -9.01995e-17)
(0.01666 0.287693 1.53365e-17)
(-0.569131 -0.722655 8.06627e-17)
(-0.963713 -0.0238329 7.74499e-17)
(-1.17596 0.255046 1.04402e-16)
(-1.24312 0.414213 9.02541e-17)
(-1.22535 0.567085 1.08547e-16)
(-1.1501 0.611865 1.0079e-16)
(-1.11192 0.626554 9.04091e-17)
(-1.00221 0.364245 1.07351e-16)
(-1.09653 0.4301 1.01795e-16)
(0.0682293 -0.331173 2.93273e-17)
(0.514577 -0.636336 7.94217e-17)
(0.917154 -0.745234 2.76279e-17)
(0.988043 -0.525233 6.7481e-17)
(0.818838 -0.64147 8.66287e-17)
(0.206435 -0.3489 5.85816e-17)
(-0.10699 -1.75454 1.47945e-16)
(-0.841679 -0.554113 8.62598e-17)
(-1.32219 -0.0558356 8.23517e-17)
(0.213521 0.961001 6.73209e-17)
(-0.237986 0.144674 7.17094e-17)
(-0.857849 -0.00364475 1.54569e-16)
(-1.44642 -0.242959 5.73972e-17)
(-2.04037 -0.28777 3.92704e-17)
(-2.43587 -0.414087 7.35706e-17)
(-2.71458 -0.347686 5.96206e-17)
(-3.22549 -0.0748872 4.60205e-17)
(-2.82105 -0.229604 6.44641e-17)
(-0.931368 -0.354091 3.02628e-18)
(-0.88053 -0.270644 1.28291e-16)
(-1.07228 -0.377863 2.64217e-17)
(-1.39635 -0.636562 -5.18798e-17)
(-1.80308 -0.942237 1.17366e-16)
(-1.65291 -0.924075 9.65877e-17)
(-2.14046 -1.15916 1.2205e-16)
(-2.00407 -1.03989 7.60702e-17)
(-2.68214 -1.1817 9.91333e-17)
(-0.719775 -0.343529 2.25026e-17)
(-0.510274 -0.524146 -6.97037e-17)
(-0.952696 -0.65925 8.92666e-17)
(-0.74276 -0.794714 -1.01892e-16)
(-1.3115 -0.894899 -1.1364e-17)
(-1.16377 -1.06057 -4.06599e-18)
(-1.41253 -0.908246 4.72016e-17)
(-1.35868 -1.14963 6.64754e-17)
(-1.43754 -0.880199 6.1304e-17)
(-0.302181 -0.145546 1.56205e-17)
(0.0646926 -0.18122 -2.63038e-17)
(-0.410068 -0.336206 1.78046e-17)
(-0.237438 -0.462159 -1.44675e-17)
(-0.521923 -0.478336 -1.68165e-17)
(-0.579281 -0.71945 -1.65802e-18)
(-0.724587 -0.727918 3.63645e-17)
(-0.798926 -0.914325 -2.17625e-17)
(-0.868755 -1.02526 3.77126e-17)
(0.020614 -0.0365389 2.34655e-17)
(0.0556416 -0.0258603 4.61981e-17)
(-0.0992867 -0.0948014 1.30854e-16)
(-0.0844407 -0.15596 4.30783e-19)
(-0.156729 -0.221557 -4.21577e-18)
(-0.250298 -0.311917 1.2073e-17)
(-0.299553 -0.449596 9.23994e-17)
(-0.38683 -0.437432 -1.49323e-17)
(-0.389 -0.674687 -7.44671e-18)
(-0.0401681 0.00662611 3.23907e-18)
(-0.0148682 0.0404596 5.79239e-18)
(0.0324877 0.0220658 7.49874e-18)
(0.0460058 0.000274943 -7.27582e-18)
(0.0879544 -0.0350217 -2.31873e-17)
(0.0961604 -0.0863001 -2.51256e-17)
(0.0945917 -0.154261 5.1904e-17)
(0.117307 -0.220285 9.8427e-18)
(0.0733124 -0.300626 7.06872e-17)
(-0.0852617 -0.0319167 8.70323e-18)
(-0.139208 -0.0183443 8.28072e-17)
(0.211716 -0.166837 2.23456e-17)
(0.0917392 -0.183647 -4.01388e-17)
(0.33219 -0.314427 -1.04879e-16)
(0.4112 -0.402297 -4.09318e-17)
(0.446852 -0.523263 -6.0933e-17)
(0.58302 -0.565542 6.41195e-18)
(0.523205 -0.737679 -1.05095e-17)
(0.342984 -0.154866 9.60912e-17)
(-0.0264525 -0.20342 -3.83915e-17)
(0.734118 -0.48794 -5.22066e-17)
(0.282131 -0.476856 5.05397e-17)
(0.932961 -0.637637 1.45212e-17)
(0.770731 -0.779177 4.71637e-17)
(1.00144 -0.771425 2.21183e-17)
(1.02857 -0.984282 4.18208e-17)
(1.04107 -0.958788 4.55062e-17)
(0.735083 -0.376277 -1.97921e-17)
(0.681463 -0.608804 6.22393e-18)
(1.12613 -0.754097 4.09812e-17)
(0.814583 -0.791586 5.36655e-17)
(1.66237 -1.04936 -1.68228e-17)
(1.09335 -0.938126 7.33553e-17)
(1.6833 -1.00795 -2.62148e-17)
(1.35704 -1.00542 -7.20248e-18)
(1.62727 -0.932005 -6.05235e-17)
(0.931516 -0.359907 2.7931e-17)
(0.927561 -0.344839 1.36976e-16)
(1.14718 -0.386772 -2.19792e-19)
(1.5958 -0.70406 -1.13533e-16)
(1.81442 -0.847087 5.24191e-17)
(1.54504 -0.848404 1.08637e-17)
(2.2834 -1.10043 -4.74396e-17)
(1.89384 -0.817047 3.7294e-17)
(2.85224 -1.20847 -6.31818e-18)
(2.66764 0.140138 1.65497e-17)
(1.33684 0.194899 -1.58442e-18)
(1.11454 -0.354105 -2.06996e-17)
(-0.0517596 -0.303131 -2.13873e-16)
(-0.63175 -0.00269212 1.55949e-17)
(-0.0534058 0.305158 6.74198e-17)
(1.1157 0.351536 6.71766e-18)
(1.33869 -0.196561 -4.49306e-17)
(2.67158 -0.142327 3.11296e-17)
(3.01646 0.0637661 -1.43416e-17)
(1.00058 0.162127 -1.13081e-16)
(1.06842 -0.342948 -2.88239e-17)
(-0.0492739 -0.309516 -1.30294e-16)
(-0.583515 -0.00311368 -9.34704e-18)
(-0.0507726 0.308504 -4.86556e-17)
(1.06882 0.340314 2.33881e-17)
(1.00205 -0.163683 -8.43006e-17)
(3.01891 -0.0645929 6.46952e-17)
(2.60752 0.212295 -1.57224e-18)
(0.280217 1.44864 2.39892e-17)
(1.10775 -0.489193 -2.35846e-17)
(-0.0671694 -0.253083 -1.2208e-16)
(-0.575472 -0.00356197 2.47461e-17)
(-0.0682494 0.250105 -1.22397e-16)
(1.10794 0.485759 2.86902e-17)
(0.281462 -1.45107 -1.45689e-16)
(2.60881 -0.213317 -6.13221e-18)
(2.28387 0.328751 -2.58681e-17)
(-0.0570588 0.717318 8.58323e-17)
(1.1733 -0.602573 -2.73672e-17)
(-0.072153 -0.22499 -1.50659e-16)
(-0.558289 -0.00393307 2.05567e-17)
(-0.0727828 0.221639 -4.54753e-17)
(1.1738 0.599992 5.59754e-17)
(-0.0564995 -0.718292 4.79408e-17)
(2.28465 -0.329473 4.52615e-17)
(2.05376 0.276026 1.43191e-17)
(-0.531278 0.40244 1.52995e-17)
(1.1721 -0.512079 -3.72223e-17)
(-0.0937117 -0.236764 -4.88691e-17)
(-0.549752 -0.004443 4.70451e-17)
(-0.0942922 0.233095 -6.50867e-17)
(1.17269 0.507709 4.50194e-17)
(-0.529823 -0.401079 3.95129e-17)
(2.05426 -0.27677 -7.809e-18)
(1.42368 0.197615 1.66536e-17)
(-0.767429 0.637065 3.92802e-17)
(1.21917 -0.488128 -3.37097e-17)
(-0.121159 -0.404223 -1.74267e-17)
(-0.495089 -0.0048742 -9.01632e-18)
(-0.121267 0.399654 -1.22847e-16)
(1.21982 0.485085 5.24125e-17)
(-0.765586 -0.640204 2.66737e-17)
(1.423 -0.197536 5.2075e-17)
(0.887517 0.0647525 -5.22792e-18)
(-0.677978 0.644068 -1.56604e-18)
(1.14662 -0.315092 -4.87916e-17)
(-0.197445 -0.739449 -9.03978e-18)
(-0.39436 -0.00497541 3.8979e-17)
(-0.197541 0.734011 -1.76694e-17)
(1.14731 0.311135 4.58679e-17)
(-0.673555 -0.643964 3.68798e-17)
(0.888929 -0.0670879 5.92505e-17)
(0.232966 -0.0334326 -1.04141e-17)
(-0.371023 0.794036 -4.3892e-17)
(0.925829 -0.154722 -3.23398e-17)
(-0.141774 -1.06499 1.05202e-17)
(-0.236619 -0.0041621 -1.57747e-17)
(-0.141843 1.05955 1.01552e-17)
(0.925617 0.153673 6.55042e-17)
(-0.366885 -0.799161 2.21717e-17)
(0.231955 0.0342874 1.04372e-16)
(-0.22093 -0.835507 5.93622e-18)
(0.077794 0.397555 2.50339e-17)
(0.491675 0.468704 -5.75347e-17)
(-0.252358 -0.906972 2.69185e-17)
(-0.130986 -0.00153598 -5.7029e-19)
(-0.251354 0.903504 -3.89062e-17)
(0.491481 -0.465599 8.76008e-17)
(0.0813425 -0.401428 1.99577e-17)
(-0.220353 0.831548 -6.0871e-17)
(-2.69674 -0.0330338 4.78126e-17)
(-2.03914 -0.199284 -1.09535e-17)
(-2.20128 0.102792 2.39484e-17)
(-1.93772 -0.074014 -5.21842e-17)
(-1.96768 0.0776281 -1.52004e-17)
(-1.50367 0.0560257 2.33746e-17)
(-1.30149 0.050037 -4.63646e-17)
(-0.86301 0.163354 1.156e-16)
(0.279498 -0.639676 9.66016e-17)
(-1.44922 -0.106771 9.19306e-17)
(-1.2495 0.165347 1.65879e-17)
(-1.55408 0.158375 8.91156e-17)
(-0.962047 -0.0167489 4.19939e-17)
(-1.40666 0.305498 1.47517e-16)
(-0.2073 -0.125148 7.8154e-17)
(-0.576409 -0.130173 1.11977e-16)
(-0.274762 -0.219048 -5.40369e-17)
(0.314401 -0.766003 1.10038e-16)
(-1.15021 0.13713 7.18966e-17)
(-0.891563 0.414518 1.15648e-16)
(-1.04592 0.0230234 -1.5979e-17)
(-0.0128487 0.0500227 7.8783e-17)
(-0.96943 -0.0680931 1.11833e-17)
(0.366126 -0.150244 1.73254e-17)
(-0.446428 0.0839725 7.01238e-17)
(0.30875 -0.251681 1.43137e-16)
(0.280834 -0.547284 3.11986e-17)
(-0.116014 0.0715622 -2.34007e-16)
(0.293758 0.130449 -1.93656e-16)
(0.0826414 0.0991142 1.83761e-16)
(0.451769 0.0360342 6.65155e-17)
(0.334225 0.0575998 1.3295e-16)
(0.493749 -0.118203 3.41196e-17)
(0.328491 0.0690689 2.09888e-16)
(0.429237 -0.256119 -7.74085e-17)
(0.493963 -0.423276 2.38972e-16)
(0.634842 -0.000667183 4.68931e-17)
(0.814947 -0.000875018 7.47237e-17)
(0.764379 -0.00122044 2.49013e-17)
(0.931659 -0.000777935 7.7061e-17)
(0.901218 -0.000996218 2.85034e-17)
(1.02928 -0.000193132 3.52026e-17)
(0.870228 -0.000674923 2.13319e-17)
(0.934585 -2.88333e-05 4.39677e-17)
(0.634315 4.65445e-05 1.18787e-16)
(-0.116282 -0.0728486 3.81447e-18)
(0.294442 -0.131892 1.02925e-16)
(0.0816222 -0.100082 -1.64885e-16)
(0.451799 -0.0371095 -9.10262e-17)
(0.331945 -0.0584261 -1.41387e-16)
(0.493416 0.118793 -1.13059e-16)
(0.326721 -0.0709729 -6.63609e-17)
(0.427776 0.255421 -1.14353e-16)
(0.492334 0.422315 7.89585e-17)
(-1.14977 -0.138919 6.29859e-17)
(-0.890012 -0.415842 -8.3971e-17)
(-1.04519 -0.0236924 5.14876e-17)
(-0.011226 -0.050288 -1.37063e-16)
(-0.970431 0.0667403 3.65416e-17)
(0.368079 0.14876 -1.8717e-16)
(-0.447265 -0.084566 -1.59397e-16)
(0.310486 0.251125 -1.04095e-16)
(0.279771 0.546069 -7.43803e-17)
(-1.44806 0.106438 1.11188e-16)
(-1.24804 -0.166077 4.64687e-17)
(-1.55369 -0.159013 7.69339e-17)
(-0.960489 0.0154947 -4.12681e-17)
(-1.40503 -0.306257 1.42466e-17)
(-0.205826 0.12417 -5.80885e-17)
(-0.577714 0.129398 3.21126e-17)
(-0.270773 0.21688 1.30619e-16)
(0.312261 0.764118 -2.73664e-17)
(-2.69475 0.0343953 1.72033e-17)
(-2.03743 0.19882 1.48571e-16)
(-2.20077 -0.102441 1.04145e-16)
(-1.93685 0.0739731 1.2724e-16)
(-1.96638 -0.0776927 7.33802e-17)
(-1.50311 -0.056386 7.99294e-17)
(-1.30325 -0.0504238 1.19906e-17)
(-0.861953 -0.163118 9.05352e-17)
(0.277397 0.640544 -2.66494e-17)
(-1.86703 -0.017839 -1.35612e-16)
(-2.27927 0.104862 -1.31816e-16)
(-2.13677 -0.0258578 2.03196e-17)
(-2.25542 -0.0708116 3.81927e-17)
(-2.33453 0.0202897 3.71094e-17)
(-2.42376 -0.0148404 1.5207e-16)
(-2.27363 0.00713871 6.66033e-17)
(-1.29769 0.0451947 3.13363e-18)
(0.505575 0.177968 -1.98707e-17)
(-2.425 -0.0209291 -5.07587e-18)
(-2.12483 -0.0300773 4.65778e-17)
(-2.21478 -0.00746045 1.03024e-16)
(-2.00986 0.0221108 6.23562e-17)
(-1.92704 0.040431 5.3175e-17)
(-1.63129 0.00741611 4.15067e-17)
(-1.43187 0.142394 3.24139e-17)
(-1.2356 0.0622194 5.0554e-17)
(0.243031 0.0576916 -4.55937e-17)
(-1.87452 -0.0357995 1.04725e-17)
(-2.19597 0.0626035 -1.48384e-16)
(-2.11606 0.038909 4.3591e-17)
(-2.17666 0.067632 4.21218e-17)
(-2.27496 0.100327 3.79093e-17)
(-2.37752 0.158492 1.42535e-16)
(-2.1289 0.205534 6.84866e-17)
(-1.39111 0.034564 -1.72156e-17)
(0.0423689 0.17607 -1.04796e-18)
(-2.1824 0.0393147 -3.34268e-17)
(-2.01935 -0.0266044 -2.18333e-17)
(-1.99823 0.085936 1.14611e-16)
(-1.79535 0.0429087 1.5046e-16)
(-1.62936 0.121565 1.07716e-16)
(-1.5299 0.0939626 7.85408e-17)
(-1.65784 0.300432 8.17214e-18)
(-1.53418 0.0381654 3.65205e-17)
(-0.559607 0.504371 4.20056e-17)
(-1.57495 0.0323358 2.34148e-17)
(-1.85045 0.0939408 -1.22149e-16)
(-1.87668 0.118031 8.88926e-17)
(-1.93315 0.19036 -4.0915e-18)
(-2.02829 0.2056 6.25297e-17)
(-2.05158 0.269794 8.04727e-17)
(-1.8523 0.330404 6.22096e-17)
(-1.54154 -0.0189209 -2.94756e-17)
(-0.858752 0.613196 -3.83795e-17)
(-1.62714 0.109451 1.35979e-16)
(-1.60721 0.0312524 7.72309e-17)
(-1.53916 0.173157 -2.6059e-17)
(-1.32312 0.112862 1.05027e-16)
(-1.20421 0.233561 8.40662e-17)
(-1.33757 0.218085 9.67644e-17)
(-1.57578 0.418518 8.77308e-17)
(-1.52518 0.0124266 9.69641e-17)
(-0.878151 0.813347 2.39658e-17)
(-1.07745 0.0515858 -1.23776e-16)
(-1.44127 0.115803 -2.91642e-18)
(-1.57673 0.150728 -1.486e-17)
(-1.59867 0.24217 2.22382e-18)
(-1.59291 0.276645 7.20948e-17)
(-1.53814 0.300135 1.12853e-16)
(-1.49989 0.437391 -3.03287e-17)
(-1.53164 0.035185 2.23943e-17)
(-1.00549 0.918321 4.9888e-17)
(-1.17446 0.0672888 9.47368e-17)
(-1.21426 0.0342269 7.14079e-17)
(-1.16077 0.132321 7.89317e-17)
(-0.969505 0.115544 5.76763e-17)
(-0.879272 0.235959 7.62148e-17)
(-1.04239 0.233239 1.91645e-16)
(-1.31424 0.538073 7.06661e-17)
(-1.42339 0.00747964 1.17561e-17)
(-1.02377 1.02279 8.78091e-18)
(-0.822955 0.000309911 -1.65762e-16)
(-1.272 0.0617886 -8.7935e-17)
(-1.48066 0.0724463 1.30479e-18)
(-1.46147 0.160155 1.29416e-16)
(-1.29554 0.156674 -7.15886e-17)
(-1.1169 0.280832 -5.73223e-17)
(-1.09756 0.461429 9.2075e-18)
(-1.37625 0.0410548 -1.40687e-17)
(-1.16005 1.22823 7.25632e-17)
(-1.08525 -1.2527 -6.43022e-17)
(-0.371306 -1.08281 -4.58329e-17)
(-0.45769 -0.553922 -1.05776e-16)
(-0.337153 -0.350705 2.20361e-16)
(-0.265606 -4.63813e-05 1.22888e-16)
(-0.337285 0.350348 7.52749e-17)
(-0.457676 0.553603 3.28341e-17)
(-0.371296 1.08261 9.47375e-17)
(-1.0848 1.2522 4.00717e-17)
(-1.32306 -0.410324 -3.93021e-17)
(-1.03241 -0.654475 -1.42894e-17)
(-0.233643 -0.376495 -3.38507e-16)
(-0.795303 -0.20811 -2.97083e-17)
(-0.436017 -9.91102e-05 -7.84118e-17)
(-0.795103 0.207787 -1.9192e-16)
(-0.23343 0.376356 1.36823e-16)
(-1.03207 0.654286 -1.23702e-16)
(-1.32278 0.410167 5.11607e-17)
(-0.929862 -0.385423 -7.66253e-17)
(-1.24337 -0.371628 1.46972e-16)
(-0.701578 -0.301621 3.98121e-18)
(-0.647247 -0.124167 -4.21752e-17)
(-0.769391 -0.000135576 -1.83406e-17)
(-0.647177 0.123904 8.16208e-17)
(-0.701685 0.301442 1.20787e-16)
(-1.24312 0.371385 -3.80606e-17)
(-0.929921 0.385321 1.52314e-16)
(-0.958695 -0.179161 -1.24721e-16)
(-1.09053 -0.33112 -4.08526e-17)
(-0.895062 -0.169995 -4.18838e-17)
(-0.921427 -0.121694 -4.00928e-17)
(-0.755358 -7.38239e-05 -4.26984e-17)
(-0.921459 0.121533 -9.37883e-17)
(-0.89496 0.169848 7.09962e-17)
(-1.0903 0.330953 2.95084e-17)
(-0.958871 0.179131 1.07629e-16)
(-0.822459 -0.160639 -5.10104e-17)
(-1.20243 -0.144568 9.21587e-17)
(-0.926761 -0.168354 -4.35875e-18)
(-0.868176 -0.060167 2.99318e-18)
(-0.963264 -9.00076e-05 -4.19843e-17)
(-0.868073 0.0600171 6.34913e-17)
(-0.926751 0.168219 5.04669e-17)
(-1.20236 0.144469 2.77666e-17)
(-0.822428 0.160711 1.04651e-16)
(-0.897929 -0.0705902 -5.05143e-17)
(-1.01121 -0.158324 -2.01622e-17)
(-1.06266 -0.0599896 -6.57074e-17)
(-0.999742 -0.0708567 7.18168e-17)
(-0.89967 -4.13752e-05 3.07197e-17)
(-0.999803 0.0707646 -4.76847e-17)
(-1.06265 0.0599191 -2.23149e-17)
(-1.01111 0.158297 7.31779e-17)
(-0.897933 0.0706166 4.82814e-17)
(-1.01627 -0.0779631 -9.10077e-17)
(-1.09996 -0.0482436 2.6886e-17)
(-0.975761 -0.0864568 -5.11404e-17)
(-0.967075 -0.0133236 -5.53755e-17)
(-1.03224 -4.37074e-05 -2.23191e-17)
(-0.966986 0.0132562 4.67211e-17)
(-0.975714 0.0864012 6.46144e-17)
(-1.09994 0.0482312 -8.93543e-18)
(-1.01629 0.0780066 1.32297e-16)
(-1.04912 -0.0229934 -7.51731e-17)
(-0.984121 -0.0705622 -3.22757e-17)
(-1.06583 0.00140149 -7.26215e-17)
(-1.01328 -0.0343615 1.82159e-16)
(-0.952615 -2.29769e-05 2.31473e-17)
(-1.01334 0.0343065 -1.33103e-16)
(-1.06588 -0.00144007 -1.47312e-17)
(-0.98414 0.0705681 6.8517e-17)
(-1.04924 0.0229952 6.64077e-17)
(-1.05873 -0.0204395 7.58374e-17)
(-1.03077 0.00903252 2.12041e-17)
(-0.958113 -0.0337477 3.23032e-17)
(-0.993762 0.0127354 -1.23002e-16)
(-1.03757 -4.21274e-05 -1.62595e-17)
(-0.993712 -0.0128211 -5.0981e-18)
(-0.958045 0.0336488 1.00248e-16)
(-1.03076 -0.00912214 3.92054e-17)
(-1.05864 0.0203588 8.16482e-17)
(-1.16076 -1.22868 -7.60946e-17)
(-1.37648 -0.0405796 -1.30618e-17)
(-1.09752 -0.461498 8.72529e-17)
(-1.11753 -0.280824 4.42462e-17)
(-1.29612 -0.156691 7.11486e-17)
(-1.46151 -0.160238 -1.15651e-16)
(-1.48056 -0.0724444 4.72732e-17)
(-1.27222 -0.0617953 5.11165e-17)
(-0.823202 -0.000282065 3.04111e-16)
(-1.02435 -1.02316 -6.06928e-18)
(-1.42369 -0.00765886 -5.86679e-17)
(-1.31422 -0.53819 -9.53638e-18)
(-1.04203 -0.233322 7.65335e-18)
(-0.879281 -0.236038 1.20013e-16)
(-0.969706 -0.115598 7.76832e-19)
(-1.16091 -0.132386 -1.29252e-16)
(-1.21445 -0.034207 7.96707e-17)
(-1.17455 -0.0673554 -5.58757e-17)
(-1.00588 -0.918428 -3.77931e-17)
(-1.53196 -0.035168 -8.32165e-17)
(-1.50021 -0.437586 4.18941e-17)
(-1.53885 -0.3002 -1.01026e-16)
(-1.59343 -0.276716 1.62144e-17)
(-1.59875 -0.242195 -5.63082e-17)
(-1.57679 -0.150743 -1.79854e-17)
(-1.44139 -0.115835 1.6515e-16)
(-1.07773 -0.0515791 2.9751e-16)
(-0.878889 -0.813643 -2.39925e-17)
(-1.52558 -0.0125753 -1.10867e-16)
(-1.57588 -0.418553 -4.40124e-17)
(-1.33741 -0.218284 7.49379e-17)
(-1.20455 -0.233687 8.25786e-17)
(-1.32361 -0.113005 -6.04539e-17)
(-1.53937 -0.173265 -7.57358e-17)
(-1.60759 -0.0313039 8.5805e-17)
(-1.6272 -0.109517 -9.26244e-17)
(-0.858948 -0.613179 1.00898e-16)
(-1.54158 0.0191149 -3.79588e-17)
(-1.85244 -0.330459 -9.535e-17)
(-2.052 -0.269608 -6.78147e-17)
(-2.02844 -0.205487 3.91464e-17)
(-1.93297 -0.190241 3.04117e-17)
(-1.87672 -0.118039 -8.88718e-19)
(-1.85044 -0.093839 1.7231e-16)
(-1.57532 -0.0323811 1.29765e-16)
(-0.561042 -0.50428 -1.74963e-17)
(-1.53472 -0.0379539 -1.88423e-17)
(-1.65809 -0.300344 -6.66938e-19)
(-1.52999 -0.0940423 2.64966e-17)
(-1.62992 -0.121601 1.27083e-16)
(-1.79594 -0.0430291 -4.50152e-17)
(-1.9984 -0.0858392 -7.61177e-17)
(-2.01966 0.0265002 1.04511e-16)
(-2.18244 -0.0391694 -4.98989e-17)
(0.041596 -0.176448 5.00045e-17)
(-1.39095 -0.0347936 -5.56523e-17)
(-2.12879 -0.205829 -1.31483e-16)
(-2.37792 -0.158604 -9.32725e-17)
(-2.27497 -0.100333 8.01875e-17)
(-2.17645 -0.0676167 1.6933e-16)
(-2.11625 -0.0390569 3.13291e-17)
(-2.19614 -0.0624284 1.76535e-16)
(-1.87505 0.035756 1.65124e-16)
(0.243442 -0.0580636 9.83629e-17)
(-1.23628 -0.0624042 2.36184e-17)
(-1.43222 -0.142739 -4.53443e-17)
(-1.63148 -0.00758511 -1.92695e-17)
(-1.92786 -0.0406933 7.72422e-18)
(-2.01055 -0.022371 -3.25428e-17)
(-2.21522 0.00757352 2.16324e-17)
(-2.12545 0.0300312 2.16059e-17)
(-2.42561 0.0211228 3.81468e-17)
(0.507017 -0.178462 1.68836e-16)
(-1.29702 -0.0453881 -1.11513e-16)
(-2.27398 -0.00802068 -7.79887e-17)
(-2.42452 0.0137376 -8.39791e-17)
(-2.33458 -0.0206854 7.88728e-17)
(-2.2554 0.0702339 1.0789e-16)
(-2.13712 0.0248596 2.12177e-17)
(-2.2796 -0.105669 1.27714e-16)
(-1.86776 0.0180912 1.69951e-16)
(1.63006 -1.88247 -1.35391e-17)
(2.22546 -0.477084 8.17365e-19)
(0.467991 -0.961119 3.9505e-17)
(1.04899 -0.961789 2.29622e-17)
(-0.183701 -0.274361 3.95562e-18)
(-0.873221 -0.666049 1.46964e-17)
(-0.478011 -0.822676 -5.41226e-17)
(-2.02037 -0.793589 -4.50281e-17)
(-1.53576 -1.82271 -2.59184e-17)
(0.268654 -2.41961 3.1674e-17)
(1.37475 -2.30793 -6.12835e-17)
(0.391739 0.647839 -1.42819e-16)
(0.486499 -1.86358 -4.85852e-17)
(0.269064 -1.01238 1.17576e-18)
(-0.0913044 -1.4043 -2.46935e-17)
(-0.352578 0.517584 4.13906e-17)
(-1.29384 -2.30515 -1.81102e-17)
(-0.29583 -2.33465 2.70945e-17)
(0.104213 -1.30573 8.44486e-17)
(0.910954 -2.82828 8.82854e-17)
(-0.156084 -0.675908 -2.78059e-16)
(0.109944 -0.547455 -9.21854e-17)
(-0.104375 -0.993983 -2.62991e-18)
(-0.20022 -0.763656 -1.16019e-17)
(-0.285484 -1.64291 1.24731e-17)
(-0.593367 -2.67371 -1.1929e-17)
(-0.159741 -1.32745 -1.82007e-17)
(-0.499806 -1.3449 -1.28519e-17)
(0.857487 -2.35922 8.12689e-17)
(-0.0210725 -1.87874 1.11309e-16)
(0.306732 -1.8623 4.96623e-19)
(0.0645037 -1.14898 7.38561e-18)
(-0.131613 -1.71511 8.86825e-18)
(-0.0531948 -1.75204 -5.08073e-19)
(-0.480172 -2.01591 -3.33777e-17)
(0.186075 -1.39648 8.97629e-18)
(-0.804457 -1.07194 8.05352e-17)
(0.163819 -2.43962 9.12128e-17)
(-0.105456 -1.50165 -7.61545e-17)
(-0.0119071 -0.866331 -6.56247e-18)
(-0.028782 -1.22356 -4.48437e-17)
(0.0587637 -1.1309 6.03356e-17)
(0.0979741 -1.93368 -6.43957e-18)
(0.17745 -2.31891 -1.36601e-17)
(0.558269 -0.905692 6.26245e-17)
(-0.900824 -0.9298 4.49765e-17)
(0.033453 -2.03973 1.18633e-16)
(-0.400048 -2.12262 1.16214e-16)
(0.0442073 -1.73363 -4.0636e-18)
(0.070606 -1.09601 -2.23048e-17)
(0.110484 -1.72292 3.92487e-17)
(0.398171 -1.91033 -8.18742e-18)
(0.285794 -1.74806 3.36652e-17)
(0.421624 -1.00037 4.23289e-17)
(-1.61958 -1.20856 4.23127e-17)
(-0.58083 -1.92738 8.83024e-17)
(-0.486038 -1.51293 -1.90095e-17)
(-0.257575 -0.915567 -2.36657e-17)
(0.0574524 -1.07717 -5.63784e-17)
(0.407113 -1.11663 4.44657e-17)
(0.645643 -1.80295 -2.38568e-17)
(0.895443 -1.85733 -1.69605e-17)
(1.34132 -0.574151 9.24392e-17)
(-1.41105 -1.50239 1.25055e-16)
(-0.691535 -1.83521 1.39879e-16)
(-0.745623 -2.00124 4.53176e-17)
(-0.252844 -1.4601 7.98461e-17)
(0.0962252 -0.772942 6.42845e-17)
(0.399064 -1.4514 -4.36138e-17)
(0.820833 -1.72165 6.1433e-17)
(0.925678 -1.71379 -1.44071e-17)
(1.48746 -1.45445 5.76934e-17)
(-2.19385 -1.33091 1.05451e-16)
(-1.64128 -1.53394 1.13315e-16)
(-0.937443 -1.13171 -5.62073e-17)
(-0.558843 -0.44093 4.40479e-17)
(0.199356 -0.52466 -1.32743e-17)
(0.810226 -0.668749 2.71907e-17)
(1.22354 -1.33676 -5.68586e-18)
(1.74124 -1.36666 -5.70677e-18)
(1.93632 -0.750472 8.41524e-17)
(-0.923795 1.06477 1.00226e-16)
(0.0156766 1.18202 2.16748e-16)
(-0.101499 -0.257175 4.67798e-17)
(-0.00872252 -1.22535 -7.91936e-17)
(0.0070709 -0.975967 -8.94439e-17)
(0.00270189 -1.47189 5.49024e-17)
(0.0249513 -1.99412 -9.3798e-17)
(0.255924 -2.5162 -1.68684e-17)
(0.386282 -2.59341 -5.24831e-17)
(0.644907 -1.97896 -5.62806e-18)
(0.0825178 -0.0568314 -1.14629e-16)
(-0.304435 -0.6918 -8.36403e-17)
(-0.16917 -0.214943 6.30673e-18)
(-0.0241155 -1.06012 1.92502e-17)
(-0.0616293 -1.46408 -3.53822e-17)
(-0.188853 -2.09069 -1.84714e-17)
(-0.0470207 -1.67255 3.63198e-17)
(-0.549488 -3.3711 -1.26281e-17)
(-1.11873 0.467286 -3.38004e-17)
(0.0646561 0.712179 -1.3574e-16)
(-0.205708 -0.896651 -5.41218e-17)
(-0.0502676 -0.451531 1.09612e-16)
(-0.309188 -0.601996 3.82339e-17)
(-0.131836 -2.30399 -3.04066e-17)
(-0.261843 -1.61396 3.6265e-17)
(-0.0539519 -2.56593 -1.05969e-17)
(-0.484197 -3.44762 -3.3956e-17)
(0.346824 -1.278 -2.20716e-17)
(0.0161691 1.13973 1.95391e-16)
(-0.830912 -1.20339 -7.10955e-17)
(-0.221493 -1.33661 4.11601e-17)
(-0.461403 -1.54895 -1.15685e-17)
(-0.256915 -2.30704 6.21537e-17)
(-0.36125 -2.07208 4.36232e-18)
(-0.46662 -3.49116 -2.41794e-17)
(-0.756292 -2.84285 -2.42217e-17)
(-0.689564 -0.810986 -1.151e-17)
(-0.292044 -1.29926 2.89472e-17)
(-0.610216 -1.72213 -6.68216e-17)
(-0.102724 -1.33895 2.00463e-17)
(-0.444775 -2.00672 -2.76744e-17)
(-0.214568 -2.14321 -1.59259e-17)
(-0.548978 -2.54741 -4.30082e-17)
(-0.480557 -2.91058 -1.70882e-17)
(-0.581344 -1.3669 3.24106e-17)
(-0.631096 -1.45136 -9.90317e-18)
(-0.362386 -1.94724 1.77954e-17)
(-0.823179 -1.5665 -4.43871e-17)
(-0.400195 -2.18043 2.90383e-19)
(-0.620307 -1.99374 -5.71014e-17)
(-0.418234 -2.50184 -4.98898e-17)
(-0.602864 -2.38359 1.02789e-17)
(-0.469243 -2.03641 -8.30492e-18)
(-0.778136 -1.21757 -3.96189e-17)
(-0.793534 -1.7862 -2.51363e-17)
(-0.948092 -2.00512 -9.09655e-18)
(-0.938036 -2.14636 -3.46307e-17)
(-0.631864 -2.13101 -2.27283e-17)
(-0.619973 -2.1205 -2.7678e-17)
(-0.437633 -2.13959 3.20319e-17)
(-0.490836 -1.8564 -7.16809e-17)
(-0.545404 -1.46164 -5.03167e-17)
(-0.640695 -0.398609 2.17012e-18)
(-0.568462 -2.15362 -1.28291e-17)
(-0.0495636 -2.30368 1.56211e-17)
(-0.222772 -1.91064 -8.98762e-18)
(-0.0164954 -1.85734 -3.93245e-17)
(-0.212139 -1.59959 1.37984e-17)
(-0.203198 -1.27224 -5.17395e-17)
(-0.133717 -1.15997 -1.48967e-17)
(-0.220164 -0.25245 1.9255e-17)
(-0.541557 0.278405 -1.68322e-17)
(-1.91509 -1.82054 -3.51199e-17)
(-1.36286 -1.65783 -2.86535e-17)
(-1.3813 -1.24181 -6.37706e-17)
(-1.07819 -1.19766 -2.66505e-17)
(-1.25921 -0.730025 -7.17009e-17)
(-0.132627 0.0405129 7.25836e-17)
(-0.146251 0.415927 -7.60513e-17)
(-0.137093 -0.301024 2.75399e-17)
(-1.27153 0.663996 -1.03939e-17)
(-1.03307 -4.32783 3.83949e-17)
(-0.855487 -4.27983 1.96578e-17)
(-0.619764 -3.77515 1.45567e-17)
(-0.409093 -3.10686 4.07756e-18)
(-0.559579 -1.496 1.16881e-17)
(-1.24813 -1.18002 4.71852e-17)
(-2.21182 -0.721649 3.49903e-17)
(-0.149282 -2.49125 1.44129e-17)
(3.11171 1.70807 2.49187e-17)
(-0.0518669 -3.04484 2.94437e-17)
(0.425877 -2.55921 2.78281e-17)
(0.566465 -2.3983 3.41667e-17)
(1.0647 -1.85584 3.94883e-17)
(1.66322 -1.24081 7.69256e-17)
(1.21958 -1.25687 7.21622e-17)
(-0.000190975 -0.786055 6.38952e-17)
(2.5136 0.312822 2.02164e-17)
(2.76347 1.21393 2.26333e-17)
(-0.46208 -1.338 2.68889e-17)
(-0.894207 -0.823399 1.00579e-17)
(-0.510117 -1.49571 4.9985e-18)
(0.208643 -0.413047 3.33344e-17)
(-0.129201 -1.15083 2.83424e-17)
(-0.12023 -0.631407 5.64569e-17)
(0.629929 -0.780982 3.16729e-17)
(2.47337 0.688337 -6.10346e-18)
(3.21173 1.69713 1.48931e-17)
(0.513213 -0.581208 5.96369e-18)
(0.139152 -1.30835 8.5669e-17)
(0.93264 -0.285343 5.12613e-17)
(1.66502 0.163436 5.60628e-17)
(1.61216 0.0427648 5.24399e-17)
(1.83071 1.28806 1.6864e-17)
(1.66485 1.23281 -5.58408e-18)
(2.20694 1.86332 4.40034e-17)
(1.26411 2.2673 2.23893e-17)
(-0.946942 10.9614 -8.07228e-17)
(-0.950129 9.40396 -7.37972e-17)
(-0.685455 8.19611 -8.00108e-17)
(-0.641685 6.88611 -8.36409e-17)
(-0.401536 6.71522 -8.95037e-17)
(-0.509399 5.8457 -7.23699e-17)
(-0.0704972 5.43178 -6.14135e-17)
(-0.341696 4.4906 -4.7543e-17)
(0.158144 3.61545 -6.49697e-17)
(-0.635961 1.36591 -1.03072e-17)
(-0.672394 1.90339 1.12242e-18)
(-0.287138 1.5202 -3.27279e-17)
(-0.536677 1.18803 -3.34384e-17)
(-0.0189014 1.65904 4.90306e-18)
(0.183922 1.26847 -1.14081e-17)
(0.503648 1.48252 3.85014e-17)
(0.542482 0.0829635 3.3077e-17)
(-1.02627 1.69159 7.21727e-18)
(-0.670183 -1.74943 1.55952e-17)
(-0.871461 0.0318211 1.03282e-17)
(-0.541912 -1.47568 5.1489e-17)
(-0.585286 0.705286 -1.64147e-17)
(-0.457884 -0.113862 4.33375e-17)
(-0.924289 0.442861 1.22923e-17)
(-0.550791 1.24874 3.66143e-17)
(-1.26904 -0.348883 2.92535e-17)
(-1.7768 1.15383 -3.60268e-18)
(-0.171094 -3.10381 1.18624e-17)
(-0.502083 -1.81612 1.13125e-17)
(-0.115375 -2.48645 3.88384e-18)
(-0.6264 -0.587371 2.41764e-17)
(-0.369216 -1.91621 2.02414e-17)
(-0.717762 -0.0412598 -7.41617e-18)
(-0.738061 -0.267086 3.507e-18)
(-1.24455 -0.0672079 -3.33017e-18)
(-1.75176 0.92891 2.8689e-17)
(0.567268 -4.18118 -1.71654e-17)
(0.0550032 -3.60893 1.38581e-18)
(0.322288 -3.10303 -2.09279e-17)
(-0.0641784 -2.32202 3.22795e-17)
(0.267444 -1.85689 1.82814e-17)
(-0.211208 -1.85333 7.71124e-18)
(-0.116174 -0.815204 3.54527e-17)
(-0.192255 -1.42613 3.33677e-17)
(-1.54201 0.80502 -2.09103e-17)
(0.689589 0.76456 9.24835e-17)
(-0.484591 -2.48727 -8.47232e-19)
(0.84583 -1.12987 1.30873e-16)
(0.220018 -1.87875 7.93342e-17)
(0.854973 -1.27204 6.83891e-17)
(0.852802 -1.67999 3.94379e-17)
(0.866189 -1.65065 1.04332e-16)
(0.458029 -2.23549 1.38614e-17)
(2.01289 -1.7656 -7.36162e-18)
(0.162276 1.16388 3.3861e-16)
(-0.0830815 -0.805658 3.56379e-17)
(0.375163 -0.483082 6.25872e-17)
(-0.0935521 -0.529396 7.55112e-18)
(0.216708 -0.104431 9.52543e-18)
(0.0473625 -1.59849 1.14841e-16)
(0.749462 -1.93869 2.3067e-17)
(-0.0872812 -2.469 -4.44118e-17)
(1.45422 -1.70954 -2.43611e-17)
(0.21774 -1.02807 1.23891e-16)
(0.233767 -1.71297 4.1513e-17)
(0.322205 -0.884559 4.84412e-17)
(-0.0070605 -0.945719 5.92713e-17)
(0.55639 -0.882259 1.14905e-16)
(0.516527 -1.68566 6.1439e-17)
(0.946523 -2.23077 -2.62716e-18)
(0.186248 -2.21777 -8.25295e-18)
(1.55518 -1.3172 6.77811e-18)
(0.0483188 -0.930067 2.09918e-17)
(-0.120926 -0.417005 3.07794e-17)
(-0.00621156 -0.121189 3.93124e-17)
(0.0947248 -0.791383 6.81602e-17)
(0.480496 -1.83131 1.29033e-16)
(0.583711 -2.61893 4.17049e-17)
(0.863608 -2.61168 6.30606e-18)
(-0.00373478 -2.51096 -1.18946e-17)
(1.32764 -1.51137 -2.93849e-17)
(0.0748844 -0.908559 9.49306e-17)
(0.302176 -1.97438 9.17197e-17)
(0.51973 -2.40872 2.38318e-18)
(0.570133 -2.51309 2.15875e-17)
(0.765457 -2.46969 2.93263e-17)
(0.825127 -2.64895 -8.88317e-18)
(0.94207 -2.59396 -3.72369e-17)
(0.339097 -1.88058 -6.2079e-17)
(1.75617 -0.713479 4.67718e-17)
(0.0104342 -2.66738 -1.94451e-18)
(0.155145 -2.33677 1.30046e-17)
(0.232312 -1.61162 3.44287e-17)
(0.373237 -1.609 2.49246e-17)
(0.578913 -2.38147 6.44962e-17)
(0.604616 -2.62922 4.08868e-17)
(0.474856 -2.09321 -1.33512e-17)
(0.446293 -1.27002 6.19376e-17)
(-0.0617464 0.544996 4.59283e-17)
(-0.153059 -1.8088 8.32841e-17)
(0.0764969 -2.03831 1.21454e-16)
(-0.0265114 -2.56489 6.38838e-17)
(0.0727198 -2.69773 6.21603e-17)
(0.305447 -2.71748 2.87312e-17)
(0.387916 -2.75495 -8.30957e-17)
(0.47717 -1.96937 -2.87067e-17)
(-0.537188 -1.24745 -5.60884e-17)
(0.52401 1.56009 3.65228e-17)
(-0.216625 -3.60829 3.80374e-17)
(0.31562 -3.28593 2.15678e-17)
(0.471274 -2.81288 2.71153e-17)
(0.75106 -3.34956 3.95563e-17)
(0.822409 -3.34375 -1.9835e-17)
(0.655873 -1.76525 3.98861e-18)
(0.202444 -0.896881 4.76287e-17)
(0.257487 -1.81461 3.01817e-17)
(-0.750084 -2.13527 3.15812e-17)
(-0.394678 -3.47732 6.76602e-17)
(0.185177 -3.73945 6.78323e-17)
(0.139488 -4.24603 4.63144e-17)
(0.767506 -3.87333 1.18782e-17)
(0.677587 -1.56911 -2.60039e-17)
(0.729698 0.267858 3.06692e-17)
(1.73815 -0.315015 2.06652e-17)
(1.61119 0.787821 2.78807e-17)
(2.39545 0.792625 2.39165e-17)
)
;

boundaryField
{
    fixed
    {
        type            slip;
    }
    inlet1
    {
        type            fixedValue;
        value           uniform (1 0 0);
    }
    cavity
    {
        type            fixedValue;
        value           uniform (0 0 0);
    }
    outlet1
    {
        type            zeroGradient;
    }
    inlet2
    {
        type            fixedValue;
        value           uniform (-1 0 0);
    }
    outlet2
    {
        type            zeroGradient;
    }
}


// ************************************************************************* //
